The input file has: 8 atoms
Atoms and coordinates (in Å):
C     -0.756000      0.050000      0.000000
C      0.796000      0.000000      0.050000
H     -1.180400      0.648600      0.794500
H     -1.100400      0.360100     -0.962600
H     -1.240500     -0.998700      0.478100
H      1.120400     -0.340100      0.952600
H      1.160500      1.018700     -0.158100
H      1.190400     -0.678600     -0.774500
Number of coordinates:
Stretching:      7 Bending:     12 Torsion:      9
Internal:     28 Cartesian:     24 
Potential energy at input structure:
   15.766116 kcal/mol
Stretch, Bend, Torsion, VDW components of potential energy:
   11.232338     4.439523     0.292415    -0.198159
Geometry optimization gradient RMS threshold:     0.10000000
Initial potential energy:
   15.766116
Initial internal coordinates:
    1.553610    1.081512    1.068350    1.250237    1.017639    1.101778    1.138354    1.967280    1.939462    1.926044    1.954921    1.602070    2.052287    1.936651    1.869887    1.919821    1.950956    1.910005    1.875229    0.980206   -1.153859    3.096221   -3.092094    1.057026   -0.976079   -0.783251   -2.917317    1.332764
Wilson B Matrix at the initial structure:  28 rows of  24 elements
   1:   -0.99896     0.03218    -0.03218     0.99896    -0.03218     0.03218     0.00000     0.00000     0.00000     0.00000     0.00000     0.00000     0.00000     0.00000     0.00000     0.00000     0.00000     0.00000     0.00000     0.00000     0.00000     0.00000     0.00000     0.00000 
   2:    0.39241    -0.55348    -0.73462     0.00000     0.00000     0.00000    -0.39241     0.55348     0.73462     0.00000     0.00000     0.00000     0.00000     0.00000     0.00000     0.00000     0.00000     0.00000     0.00000     0.00000     0.00000     0.00000     0.00000     0.00000 
   3:    0.32237    -0.29026     0.90102     0.00000     0.00000     0.00000     0.00000     0.00000     0.00000    -0.32237     0.29026    -0.90102     0.00000     0.00000     0.00000     0.00000     0.00000     0.00000     0.00000     0.00000     0.00000     0.00000     0.00000     0.00000 
   4:    0.38753     0.83880    -0.38241     0.00000     0.00000     0.00000     0.00000     0.00000     0.00000     0.00000     0.00000     0.00000    -0.38753    -0.83880     0.38241     0.00000     0.00000     0.00000     0.00000     0.00000     0.00000     0.00000     0.00000     0.00000 
   5:    0.00000     0.00000     0.00000    -0.31878     0.33420    -0.88695     0.00000     0.00000     0.00000     0.00000     0.00000     0.00000     0.00000     0.00000     0.00000     0.31878    -0.33420     0.88695     0.00000     0.00000     0.00000     0.00000     0.00000     0.00000 
   6:    0.00000     0.00000     0.00000    -0.33083    -0.92460     0.18888     0.00000     0.00000     0.00000     0.00000     0.00000     0.00000     0.00000     0.00000     0.00000     0.00000     0.00000     0.00000     0.33083     0.92460    -0.18888     0.00000     0.00000     0.00000 
   7:    0.00000     0.00000     0.00000    -0.34647     0.59612     0.72429     0.00000     0.00000     0.00000     0.00000     0.00000     0.00000     0.00000     0.00000     0.00000     0.00000     0.00000     0.00000     0.00000     0.00000     0.00000     0.34647    -0.59612    -0.72429 
   8:    0.84482     0.55954     0.83792     0.00463    -0.37755    -0.52129    -0.84945    -0.18199    -0.31663     0.00000     0.00000     0.00000     0.00000     0.00000     0.00000     0.00000     0.00000     0.00000     0.00000     0.00000     0.00000     0.00000     0.00000     0.00000 
   9:    0.91180     0.26495    -0.90725    -0.02597    -0.19228     0.61372     0.00000     0.00000     0.00000    -0.88583    -0.07267     0.29352     0.00000     0.00000     0.00000     0.00000     0.00000     0.00000     0.00000     0.00000     0.00000     0.00000     0.00000     0.00000 
  10:    0.70974    -0.85990     0.41115     0.02751     0.58355    -0.27022     0.00000     0.00000     0.00000     0.00000     0.00000     0.00000    -0.73724     0.27636    -0.14093     0.00000     0.00000     0.00000     0.00000     0.00000     0.00000     0.00000     0.00000     0.00000 
  11:   -0.98630     1.16495    -0.22326     0.00000     0.00000     0.00000     0.46816    -0.49634     0.62403     0.51814    -0.66861    -0.40078     0.00000     0.00000     0.00000     0.00000     0.00000     0.00000     0.00000     0.00000     0.00000     0.00000     0.00000     0.00000 
  12:   -0.69357    -0.33802     0.97245     0.00000     0.00000     0.00000     0.36985     0.75995    -0.37501     0.00000     0.00000     0.00000     0.32372    -0.42193    -0.59744     0.00000     0.00000     0.00000     0.00000     0.00000     0.00000     0.00000     0.00000     0.00000 
  13:   -1.01980    -0.83250    -0.69011     0.00000     0.00000     0.00000     0.00000     0.00000     0.00000     0.56693     0.74389     0.03681     0.45288     0.08861     0.65331     0.00000     0.00000     0.00000     0.00000     0.00000     0.00000     0.00000     0.00000     0.00000 
  14:    0.02661     0.22242    -0.60342    -0.95782    -0.31437     0.90346     0.00000     0.00000     0.00000     0.00000     0.00000     0.00000     0.00000     0.00000     0.00000     0.93121     0.09195    -0.30004     0.00000     0.00000     0.00000     0.00000     0.00000     0.00000 
  15:   -0.02457    -0.62916     0.13361    -0.83165     0.91848    -0.21703     0.00000     0.00000     0.00000     0.00000     0.00000     0.00000     0.00000     0.00000     0.00000     0.00000     0.00000     0.00000     0.85622    -0.28932     0.08343     0.00000     0.00000     0.00000 
  16:   -0.00331     0.40078     0.50365    -0.81978    -0.56127    -0.76529     0.00000     0.00000     0.00000     0.00000     0.00000     0.00000     0.00000     0.00000     0.00000     0.00000     0.00000     0.00000     0.00000     0.00000     0.00000     0.82309     0.16049     0.26164 
  17:    0.00000     0.00000     0.00000     0.90682     0.85587     0.94682     0.00000     0.00000     0.00000     0.00000     0.00000     0.00000     0.00000     0.00000     0.00000    -0.47526    -0.84719    -0.14841    -0.43156    -0.00868    -0.79841     0.00000     0.00000     0.00000 
  18:    0.00000     0.00000     0.00000     0.87591    -1.23317     0.15452     0.00000     0.00000     0.00000     0.00000     0.00000     0.00000     0.00000     0.00000     0.00000    -0.47156     0.73707     0.44721     0.00000     0.00000     0.00000    -0.40435     0.49610    -0.60173 
  19:    0.00000     0.00000     0.00000     0.82422     0.38337    -1.11676     0.00000     0.00000     0.00000     0.00000     0.00000     0.00000     0.00000     0.00000     0.00000     0.00000     0.00000     0.00000    -0.42396     0.30346     0.74293    -0.40026    -0.68683     0.37383 
  20:   -0.06186    -1.26054     0.65951     0.03685     1.43624     0.29228     0.04505     0.81120    -0.58712     0.00000     0.00000     0.00000     0.00000     0.00000     0.00000    -0.02005    -0.98690    -0.36466     0.00000     0.00000     0.00000     0.00000     0.00000     0.00000 
  21:   -0.06208    -0.98788     0.93899     0.04056    -0.02144    -1.28047     0.04505     0.81120    -0.58712     0.00000     0.00000     0.00000     0.00000     0.00000     0.00000     0.00000     0.00000     0.00000    -0.02353     0.19811     0.92860     0.00000     0.00000     0.00000 
  22:   -0.04657    -0.84614     0.59929    -0.04076    -0.69594     0.56915     0.04505     0.81120    -0.58712     0.00000     0.00000     0.00000     0.00000     0.00000     0.00000     0.00000     0.00000     0.00000     0.00000     0.00000     0.00000     0.04227     0.73087    -0.58132 
  23:    0.02169     0.96299     0.28984     0.01950     0.98099     0.37558     0.00000     0.00000     0.00000    -0.02114    -0.95708    -0.30076     0.00000     0.00000     0.00000    -0.02005    -0.98690    -0.36466     0.00000     0.00000     0.00000     0.00000     0.00000     0.00000 
  24:    0.02147     1.23565     0.56933     0.02321    -0.47669    -1.19717     0.00000     0.00000     0.00000    -0.02114    -0.95708    -0.30076     0.00000     0.00000     0.00000     0.00000     0.00000     0.00000    -0.02353     0.19811     0.92860     0.00000     0.00000     0.00000 
  25:    0.03698     1.37739     0.22962    -0.05811    -1.15119     0.65245     0.00000     0.00000     0.00000    -0.02114    -0.95708    -0.30076     0.00000     0.00000     0.00000     0.00000     0.00000     0.00000     0.00000     0.00000     0.00000     0.04227     0.73087    -0.58132 
  26:    0.01241    -0.69069    -1.07585     0.02100     1.31864     0.66670     0.00000     0.00000     0.00000     0.00000     0.00000     0.00000    -0.01337     0.35895     0.77381    -0.02005    -0.98690    -0.36466     0.00000     0.00000     0.00000     0.00000     0.00000     0.00000 
  27:    0.01219    -0.41803    -0.79636     0.02471    -0.13904    -0.90605     0.00000     0.00000     0.00000     0.00000     0.00000     0.00000    -0.01337     0.35895     0.77381     0.00000     0.00000     0.00000    -0.02353     0.19811     0.92860     0.00000     0.00000     0.00000 
  28:    0.02770    -0.27629    -1.13607    -0.05661    -0.81354     0.94358     0.00000     0.00000     0.00000     0.00000     0.00000     0.00000    -0.01337     0.35895     0.77381     0.00000     0.00000     0.00000     0.00000     0.00000     0.00000     0.04227     0.73087    -0.58132 
G matrix, the product of B with its own transpose (square, dimension  28)
   1:    2.00000    -0.38618    -0.36037    -0.34782    -0.35775    -0.29465    -0.34198    -0.85290    -0.87313    -0.74991     1.02996     0.65067     1.01417    -0.91763    -0.86733    -0.82550     0.90881     0.91966     0.77508     0.00000    -0.00000    -0.00000     0.00000     0.00000    -0.00000     0.00000     0.00000     0.00000 
   2:   -0.38618     2.00000    -0.37475    -0.03127     0.00000     0.00000     0.00000    -0.59373     0.87764     0.45242    -0.86781    -0.79946     0.56756     0.33062     0.24044    -0.59312     0.00000     0.00000     0.00000     0.18893    -0.16739     0.00980    -0.73741    -1.09373    -0.91654     1.17750     0.82118     0.99837 
   3:   -0.36037    -0.37475     2.00000    -0.46310     0.00000     0.00000     0.00000     0.86491    -0.60041     0.84884    -0.85725     0.75072    -0.70891    -0.59968     0.29508     0.33640     0.00000     0.00000     0.00000     0.94017     1.11278     0.77056    -0.01138     0.16123    -0.18099    -0.76488    -0.59227    -0.93449 
   4:   -0.34782    -0.03127    -0.46310     2.00000     0.00000     0.00000     0.00000     0.47631     0.92253    -0.60347     0.68032    -0.92418    -0.82960     0.42763    -0.58836     0.14229     0.00000     0.00000     0.00000    -1.33351    -1.21177    -0.95696     0.70533     0.82707     1.08188    -0.16313    -0.04138     0.21343 
   5:   -0.35775     0.00000     0.00000     0.00000     2.00000    -0.37107    -0.33274     0.33470    -0.60033     0.42593     0.00000     0.00000     0.00000    -0.60106     0.76457     0.75252    -0.84282    -0.82841     0.85590     0.20901     1.11563    -0.72440    -0.01149     0.89512    -0.94491    -0.15734     0.74928    -1.09075 
   6:   -0.29465     0.00000     0.00000     0.00000    -0.37107     2.00000    -0.29975     0.24909     0.30229    -0.59968     0.00000     0.00000     0.00000     0.77818    -0.61509     0.64561    -0.91251     0.87959    -0.83807    -1.28493    -0.23545     0.76444    -0.84253     0.20695     1.20684    -1.10023    -0.05075     0.94914 
   7:   -0.34198     0.00000     0.00000     0.00000    -0.33274    -0.29975     2.00000    -0.60423     0.33888     0.14262     0.00000     0.00000     0.00000     0.79881     0.67847    -0.60485     0.88180    -0.92667    -0.86589     1.05510    -0.95427     0.01149     0.85006    -1.15931    -0.19355     1.26168    -0.74769     0.21807 
   8:   -0.85290    -0.59373     0.86491     0.47631     0.33470     0.24909    -0.60423     2.99816    -0.08909     0.38363    -0.87342    -0.29397    -1.90563    -0.71539    -0.49833     1.25051    -0.81250     0.38908     0.44123    -0.89940     0.85737    -0.04476     0.23395     1.99073     1.08859    -2.12275    -0.36598    -1.26811 
   9:   -0.87313     0.87764    -0.60041     0.92253    -0.60033     0.30229     0.33888    -0.08909     3.01511    -0.23247    -0.91614    -1.60420    -1.06979     1.27044    -0.59853    -0.69423     0.39297     0.30921    -0.78050    -1.08646    -1.95303    -0.32618     0.05333    -0.81323     0.81362     0.95945     0.09289     1.71974 
  10:   -0.74991     0.45242     0.84884    -0.60347     0.42593    -0.59968     0.14262     0.38363    -0.23247     2.46626    -1.79355    -0.07283    -0.69312    -0.87441     1.15026    -0.28319     0.26854    -0.73727     0.54815     2.07134     1.52610     0.37992    -0.22202    -0.76726    -1.91345     0.75030     0.20506    -0.94112 
  11:    1.02996    -0.86781    -0.85725     0.68032     0.00000     0.00000     0.00000    -0.87342    -0.91614    -1.79355     4.11084    -0.36488    -0.02830     0.36759    -0.73854     0.35772     0.00000     0.00000     0.00000    -2.30262    -2.04717    -1.82151     1.78524     2.04069     2.26636    -0.57666    -0.32121    -0.09554 
  12:    0.65067    -0.79946     0.75072    -0.92418     0.00000     0.00000     0.00000    -0.29397    -1.60420    -0.07283    -0.36488     3.03565     0.03651    -0.68044     0.35964     0.35660     0.00000     0.00000     0.00000     1.96364     2.14342     1.75440    -0.05870     0.12108    -0.26794    -1.43944    -1.25966    -1.64868 
  13:    1.01417     0.56756    -0.70891    -0.82960     0.00000     0.00000     0.00000    -1.90563    -1.06979    -0.69312    -0.02830     0.03651     3.72522     0.20413     0.45664    -0.67785     0.00000     0.00000     0.00000     0.65735     0.23771     0.33832    -1.75885    -2.17850    -2.07788     1.83609     1.41645     1.51707 
  14:   -0.91763     0.33062    -0.59968     0.42763    -0.60106     0.77818     0.79881    -0.71539     1.27044    -0.87441     0.36759    -0.68044     0.20413     3.21242     0.09052     0.05538    -0.75816    -0.81721    -1.91892    -0.90274    -1.97696     0.22096     0.05212    -1.02210     1.17582     0.66358    -0.41065     1.78727 
  15:   -0.86733     0.24044     0.29508    -0.58836     0.76457    -0.61509     0.67847    -0.49833    -0.59853     1.15026    -0.73854     0.35964     0.45664     0.09052     2.82043     0.14755    -0.60715    -1.89463    -0.47979     2.10780     0.97300    -0.11526     0.23560    -0.89920    -1.98746     1.33949     0.20469    -0.88357 
  16:   -0.82550    -0.59312     0.33640     0.14229     0.75252     0.64561    -0.60485     1.25051    -0.69423    -0.28319     0.35772     0.35660    -0.67785     0.05538     0.14755     2.75873    -1.94836    -0.55479    -0.37808    -1.23285     1.03591    -0.04867    -0.32216     1.94660     0.86202    -2.08626     0.18250    -0.90208 
  17:    0.90881     0.00000     0.00000     0.00000    -0.84282    -0.91251     0.88180    -0.81250     0.39297     0.26854     0.00000     0.00000     0.00000    -0.75816    -0.60715    -1.94836     4.24073    -0.58153    -0.39467     2.43913    -1.92691    -0.09371     2.11264    -2.25341    -0.42021     2.67862    -1.68742     0.14578 
  18:    0.91966     0.00000     0.00000     0.00000    -0.82841     0.87959    -0.92667     0.38908     0.30921    -0.73727     0.00000     0.00000     0.00000    -0.81721    -1.89463    -0.55479    -0.58153     4.04912    -0.32723    -2.57472    -0.13590     1.60575    -2.01564     0.42318     2.16483    -2.38572     0.05310     1.79475 
  19:    0.77508     0.00000     0.00000     0.00000     0.85590    -0.83807    -0.86589     0.44123    -0.78050     0.54815     0.00000     0.00000     0.00000    -1.91892    -0.47979    -0.37808    -0.39467    -0.32723     3.66894     0.25458     2.21518    -1.67222    -0.02728     1.93332    -1.95408    -0.22171     1.73889    -2.14852 
  20:    0.00000     0.18893     0.94017    -1.33351     0.20901    -1.28493     1.05510    -0.89940    -1.08646     2.07134    -2.30262     1.96364     0.65735    -0.90274     2.10780    -1.23285     2.43913    -2.57472     0.25458     6.28945     2.46962     1.63481     1.60270    -2.21713    -3.05194     3.35721    -0.46262    -1.29743 
  21:   -0.00000    -0.16739     1.11278    -1.21177     1.11563    -0.23545    -0.95427     0.85737    -1.95303     1.52610    -2.04717     2.14342     0.23771    -1.97696     0.97300     1.03591    -1.92691    -0.13590     2.21518     2.46962     5.41008     1.69078    -1.18167     1.75879    -1.96051    -1.20979     1.73067    -1.98862 
  22:   -0.00000     0.00980     0.77056    -0.95696    -0.72440     0.76444     0.01149    -0.04476    -0.32618     0.37992    -1.82151     1.75440     0.33832     0.22096    -0.11526    -0.04867    -0.09371     1.60575    -1.67222     1.63481     1.69078     3.76588    -1.11188    -1.05591     1.01919    -0.60000    -0.54403     1.53107 
  23:    0.00000    -0.73741    -0.01138     0.70533    -0.01149    -0.84253     0.85006     0.23395     0.05333    -0.22202     1.78524    -0.05870    -1.75885     0.05212     0.23560    -0.32216     2.11264    -2.01564    -0.02728     1.60270    -1.18167    -1.11188     4.22987     1.44550     1.51529     1.67505    -1.10932    -1.03952 
  24:    0.00000    -1.09373     0.16123     0.82707     0.89512     0.20695    -1.15931     1.99073    -0.81323    -0.76726     2.04069     0.12108    -2.17850    -1.02210    -0.89920     1.94660    -2.25341     0.42318     1.93332    -2.21713     1.75879    -1.05591     1.44550     5.42142     2.60672    -2.89194     1.08398    -1.73072 
  25:   -0.00000    -0.91654    -0.18099     1.08188    -0.94491     1.20684    -0.19355     1.08859     0.81362    -1.91345     2.26636    -0.26794    -2.07788     1.17582    -1.98746     0.86202    -0.42021     2.16483    -1.95408    -3.05194    -1.96051     1.01919     1.51529     2.60672     5.58641    -2.28216    -1.19073     1.78897 
  26:    0.00000     1.17750    -0.76488    -0.16313    -0.15734    -1.10023     1.26168    -2.12275     0.95945     0.75030    -0.57666    -1.43944     1.83609     0.66358     1.33949    -2.08626     2.67862    -2.38572    -0.22171     3.35721    -1.20979    -0.60000     1.67505    -2.89194    -2.28216     5.65356     1.08657     1.69635 
  27:    0.00000     0.82118    -0.59227    -0.04138     0.74928    -0.05075    -0.74769    -0.36598     0.09289     0.20506    -0.32121    -1.25966     1.41645    -0.41065     0.20469     0.18250    -1.68742     0.05310     1.73889    -0.46262     1.73067    -0.54403    -1.10932     1.08398    -1.19073     1.08657     3.27986     1.00516 
  28:    0.00000     0.99837    -0.93449     0.21343    -1.09075     0.94914     0.21807    -1.26811     1.71974    -0.94112    -0.09554    -1.64868     1.51707     1.78727    -0.88357    -0.90208     0.14578     1.79475    -2.14852    -1.29743    -1.98862     1.53107    -1.03952    -1.73072     1.78897     1.69635     1.00516     4.52485 

Eigenvalues of G:
   -0.00000   -0.00000   -0.00000    0.00000    0.00000    0.00000    0.00000    0.00000    0.00000    0.00000    0.39719    0.89489    0.95112    0.99373    0.99697    1.05250    1.07516    1.46160    1.65383    2.14050    2.46483    5.53384    6.62236    8.21603   10.70545   12.89579   18.53717   21.67004
Inverse G Matrix (square matrix with dimension  28) at the initial structure:
   1:    1.99394    0.20138    0.16512    0.18537    0.16250    0.15639    0.17879    0.24034    0.19600    0.28057   -0.25864   -0.22844   -0.28597    0.24212    0.25731    0.26690   -0.25185   -0.26186   -0.25005   -0.00834   -0.01195    0.00035   -0.00641   -0.01001    0.00229    0.01020    0.00659    0.01889
   2:    0.20138    0.83458    0.07082    0.01178   -0.01898   -0.01262    0.08228    0.11400   -0.09619   -0.06205    0.02709    0.03383    0.01834    0.00637    0.01287    0.06139   -0.00190   -0.03881   -0.03860    0.00449   -0.00537    0.00096    0.05346    0.04360    0.04993   -0.05679   -0.06665   -0.06033
   3:    0.16512    0.07082    0.83715    0.08367    0.08402   -0.02239   -0.02297   -0.10223    0.11760   -0.12356    0.02505    0.01346    0.03719    0.03962    0.01168    0.00701   -0.03155   -0.02996    0.00328   -0.04611   -0.03888   -0.05301    0.00165    0.00888   -0.00525    0.04667    0.05391    0.03978
   4:    0.18537    0.01178    0.08367    0.83421   -0.03209    0.08032   -0.00002   -0.05410   -0.10550    0.12553    0.01813    0.01817    0.01964    0.00346    0.05558    0.01652   -0.03237   -0.00240   -0.04077    0.05314    0.05488    0.06344   -0.05085   -0.04911   -0.04055   -0.00602   -0.00428    0.00429
   5:    0.16250   -0.01898    0.08402   -0.03209    0.83068    0.06947    0.06418    0.00624    0.04659   -0.00409   -0.03401    0.00539   -0.02947    0.11099   -0.09363   -0.10103    0.03339    0.03473    0.00733    0.00332   -0.04444    0.05244    0.00030   -0.04746    0.04942   -0.00385   -0.05161    0.04527
   6:    0.15639   -0.01262   -0.02239    0.08032    0.06947    0.82978    0.05919    0.00732   -0.00428    0.06205    0.00460   -0.03135   -0.04060   -0.08231    0.11427   -0.08741    0.02126    0.00847    0.02837    0.04463   -0.00563   -0.05736    0.05315    0.00289   -0.04884    0.04722   -0.00304   -0.05477
   7:    0.17879    0.08228   -0.02297   -0.00002    0.06418    0.05919    0.82971    0.05037   -0.00041    0.01721   -0.03385   -0.03311   -0.00099   -0.08763   -0.08615    0.12168    0.00758    0.02123    0.02823   -0.04848    0.05116    0.00193   -0.05432    0.04532   -0.00391   -0.04123    0.05840    0.00918
   8:    0.24034    0.11400   -0.10223   -0.05410    0.00624    0.00732    0.05037    0.47250   -0.14848   -0.10910   -0.15645   -0.12520    0.11723    0.09799    0.09501   -0.11183   -0.05077   -0.01494   -0.02008    0.02192   -0.03659   -0.00717    0.06641    0.00790    0.03732    0.00659   -0.05192   -0.02250
   9:    0.19600   -0.09619    0.11760   -0.10550    0.04659   -0.00428   -0.00041   -0.14848    0.39330   -0.17941   -0.12600    0.08672   -0.11453   -0.10770    0.09186    0.10464   -0.01862   -0.02163   -0.04186   -0.02908   -0.00034   -0.05714    0.00228    0.03102   -0.02579    0.02657    0.05531   -0.00149
  10:    0.28057   -0.06205   -0.12356    0.12553   -0.00409    0.06205    0.01721   -0.10910   -0.17941    0.56551    0.11272   -0.17343   -0.20475    0.13459   -0.11634    0.08365   -0.02297   -0.05862   -0.02328    0.00313    0.02513    0.07395   -0.07727   -0.05528   -0.00645   -0.02464   -0.00265    0.04618
  11:   -0.25864    0.02709    0.02505    0.01813   -0.03401    0.00460   -0.03385   -0.15645   -0.12600    0.11272    0.17117    0.01328    0.00497   -0.01657   -0.05941   -0.02346    0.03256    0.03441    0.03153   -0.00961   -0.00115    0.00704   -0.00581    0.00265    0.01085   -0.00957   -0.00111    0.00708
  12:   -0.22844    0.03383    0.01346    0.01817    0.00539   -0.03135   -0.03311   -0.12520    0.08672   -0.17343    0.01328    0.15902    0.03157   -0.04990   -0.01173   -0.02493    0.02643    0.02985    0.03118    0.01729    0.02262    0.00530    0.00600    0.01134   -0.00599   -0.02589   -0.02055   -0.03788
  13:   -0.28597    0.01834    0.03719    0.01964   -0.02947   -0.04060   -0.00099    0.11723   -0.11453   -0.20475    0.00497    0.03157    0.20282   -0.03327   -0.01467   -0.06321    0.03716    0.03865    0.03453    0.00670   -0.00936   -0.00889    0.01366   -0.00240   -0.00194    0.01780    0.00174    0.00221
  14:    0.24212    0.00637    0.03962    0.00346    0.11099   -0.08231   -0.08763    0.09799   -0.10770    0.13459   -0.01657   -0.04990   -0.03327    0.44074   -0.14355   -0.15463   -0.11954   -0.12272    0.08605    0.02598   -0.00126    0.05833   -0.00572   -0.03297    0.02663   -0.02745   -0.05469    0.00491
  15:    0.25731    0.01287    0.01168    0.05558   -0.09363    0.11427   -0.08615    0.09501    0.09186   -0.11634   -0.05941   -0.01173   -0.01467   -0.14355    0.49331   -0.13492   -0.15632    0.08931   -0.14583    0.00398   -0.03613   -0.06847    0.07392    0.03381    0.00148    0.03216   -0.00795   -0.04029
  16:    0.26690    0.06139    0.00701    0.01652   -0.10103   -0.08741    0.12168   -0.11183    0.10464    0.08365   -0.02346   -0.02493   -0.06321   -0.15463   -0.13492    0.52644    0.09254   -0.16588   -0.14808   -0.03589    0.03142    0.00595   -0.07142   -0.00411   -0.02958    0.00314    0.07045    0.04498
  17:   -0.25185   -0.00190   -0.03155   -0.03237    0.03339    0.02126    0.00758   -0.05077   -0.01862   -0.02297    0.03256    0.02643    0.03716   -0.11954   -0.15632    0.09254    0.15216    0.01215    0.02268    0.00665   -0.00684    0.00515   -0.00497   -0.01846   -0.00647    0.01032   -0.00317    0.00882
  18:   -0.26186   -0.03881   -0.02996   -0.00240    0.03473    0.00847    0.02123   -0.01494   -0.02163   -0.05862    0.03441    0.02985    0.03865   -0.12272    0.08931   -0.16588    0.01215    0.16159    0.02311   -0.00904   -0.00740    0.00237    0.00782    0.00946    0.01923   -0.00807   -0.00644    0.00333
  19:   -0.25005   -0.03860    0.00328   -0.04077    0.00733    0.02837    0.02823   -0.02008   -0.04186   -0.02328    0.03153    0.03118    0.03453    0.08605   -0.14583   -0.14808    0.02268    0.02311    0.15779    0.00708    0.02143   -0.00630   -0.00039    0.01396   -0.01376   -0.00879    0.00556   -0.02216
  20:   -0.00834    0.00449   -0.04611    0.05314    0.00332    0.04463   -0.04848    0.02192   -0.02908    0.00313   -0.00961    0.01729    0.00670    0.02598    0.00398   -0.03589    0.00665   -0.00904    0.00708    0.04856    0.02204    0.03029    0.02949    0.00297    0.01122    0.01656   -0.00995   -0.00170
  21:   -0.01195   -0.00537   -0.03888    0.05488   -0.04444   -0.00563    0.05116   -0.03659   -0.00034    0.02513   -0.00115    0.02262   -0.00936   -0.00126   -0.03613    0.03142   -0.00684   -0.00740    0.02143    0.02204    0.05464    0.03292   -0.00881    0.02378    0.00207   -0.00032    0.03228    0.01056
  22:    0.00035    0.00096   -0.05301    0.06344    0.05244   -0.05736    0.00193   -0.00717   -0.05714    0.07395    0.00704    0.00530   -0.00889    0.05833   -0.06847    0.00595    0.00515    0.00237   -0.00630    0.03029    0.03292    0.07563   -0.01221   -0.00958    0.03313   -0.00955   -0.00691    0.03579
  23:   -0.00641    0.05346    0.00165   -0.05085    0.00030    0.05315   -0.05432    0.06641    0.00228   -0.07727   -0.00581    0.00600    0.01366   -0.00572    0.07392   -0.07142   -0.00497    0.00782   -0.00039    0.02949   -0.00881   -0.01221    0.07622    0.03792    0.03453    0.03045   -0.00785   -0.01125
  24:   -0.01001    0.04360    0.00888   -0.04911   -0.04746    0.00289    0.04532    0.00790    0.03102   -0.05528    0.00265    0.01134   -0.00240   -0.03297    0.03381   -0.00411   -0.01846    0.00946    0.01396    0.00297    0.02378   -0.00958    0.03792    0.05873    0.02537    0.01357    0.03438    0.00102
  25:    0.00229    0.04993   -0.00525   -0.04055    0.04942   -0.04884   -0.00391    0.03732   -0.02579   -0.00645    0.01085   -0.00599   -0.00194    0.02663    0.00148   -0.02958   -0.00647    0.01923   -0.01376    0.01122    0.00207    0.03313    0.03453    0.02537    0.05644    0.00434   -0.00481    0.02625
  26:    0.01020   -0.05679    0.04667   -0.00602   -0.00385    0.04722   -0.04123    0.00659    0.02657   -0.02464   -0.00957   -0.02589    0.01780   -0.02745    0.03216    0.00314    0.01032   -0.00807   -0.00879    0.01656   -0.00032   -0.00955    0.03045    0.01357    0.00434    0.05631    0.03943    0.03020
  27:    0.00659   -0.06665    0.05391   -0.00428   -0.05161   -0.00304    0.05840   -0.05192    0.05531   -0.00265   -0.00111   -0.02055    0.00174   -0.05469   -0.00795    0.07045   -0.00317   -0.00644    0.00556   -0.00995    0.03228   -0.00691   -0.00785    0.03438   -0.00481    0.03943    0.08166    0.04247
  28:    0.01889   -0.06033    0.03978    0.00429    0.04527   -0.05477    0.00918   -0.02250   -0.00149    0.04618    0.00708   -0.03788    0.00221    0.00491   -0.04029    0.04498    0.00882    0.00333   -0.02216   -0.00170    0.01056    0.03579   -0.01125    0.00102    0.02625    0.03020    0.04247    0.06770
Initial gradient in terms of the internal coordinates (kcal/mol/Angstrom or kcal/mol/radian):
   13.718250   -20.019510   -29.249866    98.129524   -64.732523    -5.838497    19.827906     6.452183    -3.054555     2.144858     0.502603   -10.925830     4.576509     0.856377    -2.671356     1.122970     1.823498    -0.570141    -0.610792    -3.720028    -4.753228    -3.122083    -0.398561    -1.431761     0.199384     5.109480     4.076280     5.707425 
Initial guess for the inverse Hessian M in internal coordinates:
   1:    0.00167    0.00000    0.00000    0.00000    0.00000    0.00000    0.00000    0.00000    0.00000    0.00000    0.00000    0.00000    0.00000    0.00000    0.00000    0.00000    0.00000    0.00000    0.00000    0.00000    0.00000    0.00000    0.00000    0.00000    0.00000    0.00000    0.00000    0.00000
   2:    0.00000    0.00167    0.00000    0.00000    0.00000    0.00000    0.00000    0.00000    0.00000    0.00000    0.00000    0.00000    0.00000    0.00000    0.00000    0.00000    0.00000    0.00000    0.00000    0.00000    0.00000    0.00000    0.00000    0.00000    0.00000    0.00000    0.00000    0.00000
   3:    0.00000    0.00000    0.00167    0.00000    0.00000    0.00000    0.00000    0.00000    0.00000    0.00000    0.00000    0.00000    0.00000    0.00000    0.00000    0.00000    0.00000    0.00000    0.00000    0.00000    0.00000    0.00000    0.00000    0.00000    0.00000    0.00000    0.00000    0.00000
   4:    0.00000    0.00000    0.00000    0.00167    0.00000    0.00000    0.00000    0.00000    0.00000    0.00000    0.00000    0.00000    0.00000    0.00000    0.00000    0.00000    0.00000    0.00000    0.00000    0.00000    0.00000    0.00000    0.00000    0.00000    0.00000    0.00000    0.00000    0.00000
   5:    0.00000    0.00000    0.00000    0.00000    0.00167    0.00000    0.00000    0.00000    0.00000    0.00000    0.00000    0.00000    0.00000    0.00000    0.00000    0.00000    0.00000    0.00000    0.00000    0.00000    0.00000    0.00000    0.00000    0.00000    0.00000    0.00000    0.00000    0.00000
   6:    0.00000    0.00000    0.00000    0.00000    0.00000    0.00167    0.00000    0.00000    0.00000    0.00000    0.00000    0.00000    0.00000    0.00000    0.00000    0.00000    0.00000    0.00000    0.00000    0.00000    0.00000    0.00000    0.00000    0.00000    0.00000    0.00000    0.00000    0.00000
   7:    0.00000    0.00000    0.00000    0.00000    0.00000    0.00000    0.00167    0.00000    0.00000    0.00000    0.00000    0.00000    0.00000    0.00000    0.00000    0.00000    0.00000    0.00000    0.00000    0.00000    0.00000    0.00000    0.00000    0.00000    0.00000    0.00000    0.00000    0.00000
   8:    0.00000    0.00000    0.00000    0.00000    0.00000    0.00000    0.00000    0.00667    0.00000    0.00000    0.00000    0.00000    0.00000    0.00000    0.00000    0.00000    0.00000    0.00000    0.00000    0.00000    0.00000    0.00000    0.00000    0.00000    0.00000    0.00000    0.00000    0.00000
   9:    0.00000    0.00000    0.00000    0.00000    0.00000    0.00000    0.00000    0.00000    0.00667    0.00000    0.00000    0.00000    0.00000    0.00000    0.00000    0.00000    0.00000    0.00000    0.00000    0.00000    0.00000    0.00000    0.00000    0.00000    0.00000    0.00000    0.00000    0.00000
  10:    0.00000    0.00000    0.00000    0.00000    0.00000    0.00000    0.00000    0.00000    0.00000    0.00667    0.00000    0.00000    0.00000    0.00000    0.00000    0.00000    0.00000    0.00000    0.00000    0.00000    0.00000    0.00000    0.00000    0.00000    0.00000    0.00000    0.00000    0.00000
  11:    0.00000    0.00000    0.00000    0.00000    0.00000    0.00000    0.00000    0.00000    0.00000    0.00000    0.00667    0.00000    0.00000    0.00000    0.00000    0.00000    0.00000    0.00000    0.00000    0.00000    0.00000    0.00000    0.00000    0.00000    0.00000    0.00000    0.00000    0.00000
  12:    0.00000    0.00000    0.00000    0.00000    0.00000    0.00000    0.00000    0.00000    0.00000    0.00000    0.00000    0.00667    0.00000    0.00000    0.00000    0.00000    0.00000    0.00000    0.00000    0.00000    0.00000    0.00000    0.00000    0.00000    0.00000    0.00000    0.00000    0.00000
  13:    0.00000    0.00000    0.00000    0.00000    0.00000    0.00000    0.00000    0.00000    0.00000    0.00000    0.00000    0.00000    0.00667    0.00000    0.00000    0.00000    0.00000    0.00000    0.00000    0.00000    0.00000    0.00000    0.00000    0.00000    0.00000    0.00000    0.00000    0.00000
  14:    0.00000    0.00000    0.00000    0.00000    0.00000    0.00000    0.00000    0.00000    0.00000    0.00000    0.00000    0.00000    0.00000    0.00667    0.00000    0.00000    0.00000    0.00000    0.00000    0.00000    0.00000    0.00000    0.00000    0.00000    0.00000    0.00000    0.00000    0.00000
  15:    0.00000    0.00000    0.00000    0.00000    0.00000    0.00000    0.00000    0.00000    0.00000    0.00000    0.00000    0.00000    0.00000    0.00000    0.00667    0.00000    0.00000    0.00000    0.00000    0.00000    0.00000    0.00000    0.00000    0.00000    0.00000    0.00000    0.00000    0.00000
  16:    0.00000    0.00000    0.00000    0.00000    0.00000    0.00000    0.00000    0.00000    0.00000    0.00000    0.00000    0.00000    0.00000    0.00000    0.00000    0.00667    0.00000    0.00000    0.00000    0.00000    0.00000    0.00000    0.00000    0.00000    0.00000    0.00000    0.00000    0.00000
  17:    0.00000    0.00000    0.00000    0.00000    0.00000    0.00000    0.00000    0.00000    0.00000    0.00000    0.00000    0.00000    0.00000    0.00000    0.00000    0.00000    0.00667    0.00000    0.00000    0.00000    0.00000    0.00000    0.00000    0.00000    0.00000    0.00000    0.00000    0.00000
  18:    0.00000    0.00000    0.00000    0.00000    0.00000    0.00000    0.00000    0.00000    0.00000    0.00000    0.00000    0.00000    0.00000    0.00000    0.00000    0.00000    0.00000    0.00667    0.00000    0.00000    0.00000    0.00000    0.00000    0.00000    0.00000    0.00000    0.00000    0.00000
  19:    0.00000    0.00000    0.00000    0.00000    0.00000    0.00000    0.00000    0.00000    0.00000    0.00000    0.00000    0.00000    0.00000    0.00000    0.00000    0.00000    0.00000    0.00000    0.00667    0.00000    0.00000    0.00000    0.00000    0.00000    0.00000    0.00000    0.00000    0.00000
  20:    0.00000    0.00000    0.00000    0.00000    0.00000    0.00000    0.00000    0.00000    0.00000    0.00000    0.00000    0.00000    0.00000    0.00000    0.00000    0.00000    0.00000    0.00000    0.00000    0.01250    0.00000    0.00000    0.00000    0.00000    0.00000    0.00000    0.00000    0.00000
  21:    0.00000    0.00000    0.00000    0.00000    0.00000    0.00000    0.00000    0.00000    0.00000    0.00000    0.00000    0.00000    0.00000    0.00000    0.00000    0.00000    0.00000    0.00000    0.00000    0.00000    0.01250    0.00000    0.00000    0.00000    0.00000    0.00000    0.00000    0.00000
  22:    0.00000    0.00000    0.00000    0.00000    0.00000    0.00000    0.00000    0.00000    0.00000    0.00000    0.00000    0.00000    0.00000    0.00000    0.00000    0.00000    0.00000    0.00000    0.00000    0.00000    0.00000    0.01250    0.00000    0.00000    0.00000    0.00000    0.00000    0.00000
  23:    0.00000    0.00000    0.00000    0.00000    0.00000    0.00000    0.00000    0.00000    0.00000    0.00000    0.00000    0.00000    0.00000    0.00000    0.00000    0.00000    0.00000    0.00000    0.00000    0.00000    0.00000    0.00000    0.01250    0.00000    0.00000    0.00000    0.00000    0.00000
  24:    0.00000    0.00000    0.00000    0.00000    0.00000    0.00000    0.00000    0.00000    0.00000    0.00000    0.00000    0.00000    0.00000    0.00000    0.00000    0.00000    0.00000    0.00000    0.00000    0.00000    0.00000    0.00000    0.00000    0.01250    0.00000    0.00000    0.00000    0.00000
  25:    0.00000    0.00000    0.00000    0.00000    0.00000    0.00000    0.00000    0.00000    0.00000    0.00000    0.00000    0.00000    0.00000    0.00000    0.00000    0.00000    0.00000    0.00000    0.00000    0.00000    0.00000    0.00000    0.00000    0.00000    0.01250    0.00000    0.00000    0.00000
  26:    0.00000    0.00000    0.00000    0.00000    0.00000    0.00000    0.00000    0.00000    0.00000    0.00000    0.00000    0.00000    0.00000    0.00000    0.00000    0.00000    0.00000    0.00000    0.00000    0.00000    0.00000    0.00000    0.00000    0.00000    0.00000    0.01250    0.00000    0.00000
  27:    0.00000    0.00000    0.00000    0.00000    0.00000    0.00000    0.00000    0.00000    0.00000    0.00000    0.00000    0.00000    0.00000    0.00000    0.00000    0.00000    0.00000    0.00000    0.00000    0.00000    0.00000    0.00000    0.00000    0.00000    0.00000    0.00000    0.01250    0.00000
  28:    0.00000    0.00000    0.00000    0.00000    0.00000    0.00000    0.00000    0.00000    0.00000    0.00000    0.00000    0.00000    0.00000    0.00000    0.00000    0.00000    0.00000    0.00000    0.00000    0.00000    0.00000    0.00000    0.00000    0.00000    0.00000    0.00000    0.00000    0.01250

##################################
# Start of Geometry Optimization #
##################################

Reminder: maximum step size is    0.020

*** Optimization Cycle   1 ***

Predicted update step in internal coordinates s_k (prior to possible scaling):
   -0.022864     0.033366     0.048750    -0.163549     0.107888     0.009731    -0.033047    -0.043015     0.020364    -0.014299    -0.003351     0.072839    -0.030510    -0.005709     0.017809    -0.007486    -0.012157     0.003801     0.004072     0.046500     0.059415     0.039026     0.004982     0.017897    -0.002492    -0.063868    -0.050954    -0.071343 
Predicted step is too long: RMS length:     0.050787
Scaled update step in internal coordinates s_k:
   -0.009004     0.013140     0.019198    -0.064406     0.042486     0.003832    -0.013014    -0.016939     0.008019    -0.005631    -0.001320     0.028684    -0.012015    -0.002248     0.007013    -0.002948    -0.004787     0.001497     0.001604     0.018312     0.023398     0.015369     0.001962     0.007048    -0.000981    -0.025151    -0.020066    -0.028095 

    %% Iterative determination of optimal Cartesian coordinates:  %%
    tolerated diff for Cartsian coordinates:   0.00001000
Initially predicted dx = BTG-sk:
   -0.0013   -0.0122    0.0052   -0.0097   -0.0029   -0.0048    0.0103    0.0102    0.0125   -0.0193   -0.0131   -0.0100    0.0379    0.0281   -0.0351    0.0086   -0.0130    0.0328   -0.0081    0.0005   -0.0055   -0.0184    0.0023    0.0048
  Cartesian fitting iteration number   1 
current set of internals q_(k+1)^(j+1):
    1.5447    1.0949    1.0876    1.1861    1.0601    1.1056    1.1254    1.9527    1.9431    1.9210    1.9514    1.6412    2.0358    1.9334    1.8772    1.9173    1.9454    1.9110    1.8786    0.9951   -1.1349    3.1085   -3.0904    1.0628   -0.9771   -0.8052   -2.9352    1.3082
difference between these internals and the desired internals, s_q,k^j+1:
   -0.0001   -0.0002   -0.0001   -0.0003   -0.0000   -0.0000   -0.0000   -0.0024    0.0044   -0.0006    0.0022   -0.0105    0.0044    0.0010   -0.0003   -0.0004    0.0008    0.0005   -0.0017    0.0034    0.0044    0.0031    0.0003    0.0013   -0.0000   -0.0032   -0.0022   -0.0035
Corresponding Cartesians x+k+1^j:
