The input file has: 8 atoms
Atoms and coordinates (in Å):
C     -0.756000      0.050000      0.000000
C      0.796000      0.000000      0.050000
H     -1.180400      0.648600      0.794500
H     -1.100400      0.360100     -0.962600
H     -1.240500     -0.998700      0.478100
H      1.120400     -0.340100      0.952600
H      1.160500      1.018700     -0.158100
H      1.190400     -0.678600     -0.774500
Number of coordinates:
Stretching:      7 Bending:     12 Torsion:      9
Internal:     28 Cartesian:     24 
Potential energy at input structure:
   15.766116 kcal/mol
Stretch, Bend, Torsion, VDW components of potential energy:
   11.232338     4.439523     0.292415    -0.198159
Geometry optimization gradient RMS threshold:     0.10000000
Gradient of the energy for initial structure (in kcal/mol/Angstrom
C     14.636119    109.408082    -79.658582
C     30.330590     -8.256443     78.126928
H     -1.952810    -30.213493     -5.530912
H     15.024449     -3.638792     25.915532
H    -41.272465    -71.356984     58.265100
H    -20.455416     18.769668    -58.558687
H     -4.697185     -5.244325     -2.987928
H      8.386719     -9.467713    -15.571451
Initial Guess for the Inverse Hessian
Row    1    0.003333  0.000000  0.000000  0.000000  0.000000  0.000000  0.000000  0.000000  0.000000  0.000000  0.000000  0.000000  0.000000  0.000000  0.000000  0.000000  0.000000  0.000000  0.000000  0.000000  0.000000  0.000000  0.000000  0.000000
Row    2    0.000000  0.003333  0.000000  0.000000  0.000000  0.000000  0.000000  0.000000  0.000000  0.000000  0.000000  0.000000  0.000000  0.000000  0.000000  0.000000  0.000000  0.000000  0.000000  0.000000  0.000000  0.000000  0.000000  0.000000
Row    3    0.000000  0.000000  0.003333  0.000000  0.000000  0.000000  0.000000  0.000000  0.000000  0.000000  0.000000  0.000000  0.000000  0.000000  0.000000  0.000000  0.000000  0.000000  0.000000  0.000000  0.000000  0.000000  0.000000  0.000000
Row    4    0.000000  0.000000  0.000000  0.003333  0.000000  0.000000  0.000000  0.000000  0.000000  0.000000  0.000000  0.000000  0.000000  0.000000  0.000000  0.000000  0.000000  0.000000  0.000000  0.000000  0.000000  0.000000  0.000000  0.000000
Row    5    0.000000  0.000000  0.000000  0.000000  0.003333  0.000000  0.000000  0.000000  0.000000  0.000000  0.000000  0.000000  0.000000  0.000000  0.000000  0.000000  0.000000  0.000000  0.000000  0.000000  0.000000  0.000000  0.000000  0.000000
Row    6    0.000000  0.000000  0.000000  0.000000  0.000000  0.003333  0.000000  0.000000  0.000000  0.000000  0.000000  0.000000  0.000000  0.000000  0.000000  0.000000  0.000000  0.000000  0.000000  0.000000  0.000000  0.000000  0.000000  0.000000
Row    7    0.000000  0.000000  0.000000  0.000000  0.000000  0.000000  0.003333  0.000000  0.000000  0.000000  0.000000  0.000000  0.000000  0.000000  0.000000  0.000000  0.000000  0.000000  0.000000  0.000000  0.000000  0.000000  0.000000  0.000000
Row    8    0.000000  0.000000  0.000000  0.000000  0.000000  0.000000  0.000000  0.003333  0.000000  0.000000  0.000000  0.000000  0.000000  0.000000  0.000000  0.000000  0.000000  0.000000  0.000000  0.000000  0.000000  0.000000  0.000000  0.000000
Row    9    0.000000  0.000000  0.000000  0.000000  0.000000  0.000000  0.000000  0.000000  0.003333  0.000000  0.000000  0.000000  0.000000  0.000000  0.000000  0.000000  0.000000  0.000000  0.000000  0.000000  0.000000  0.000000  0.000000  0.000000
Row   10    0.000000  0.000000  0.000000  0.000000  0.000000  0.000000  0.000000  0.000000  0.000000  0.003333  0.000000  0.000000  0.000000  0.000000  0.000000  0.000000  0.000000  0.000000  0.000000  0.000000  0.000000  0.000000  0.000000  0.000000
Row   11    0.000000  0.000000  0.000000  0.000000  0.000000  0.000000  0.000000  0.000000  0.000000  0.000000  0.003333  0.000000  0.000000  0.000000  0.000000  0.000000  0.000000  0.000000  0.000000  0.000000  0.000000  0.000000  0.000000  0.000000
Row   12    0.000000  0.000000  0.000000  0.000000  0.000000  0.000000  0.000000  0.000000  0.000000  0.000000  0.000000  0.003333  0.000000  0.000000  0.000000  0.000000  0.000000  0.000000  0.000000  0.000000  0.000000  0.000000  0.000000  0.000000
Row   13    0.000000  0.000000  0.000000  0.000000  0.000000  0.000000  0.000000  0.000000  0.000000  0.000000  0.000000  0.000000  0.003333  0.000000  0.000000  0.000000  0.000000  0.000000  0.000000  0.000000  0.000000  0.000000  0.000000  0.000000
Row   14    0.000000  0.000000  0.000000  0.000000  0.000000  0.000000  0.000000  0.000000  0.000000  0.000000  0.000000  0.000000  0.000000  0.003333  0.000000  0.000000  0.000000  0.000000  0.000000  0.000000  0.000000  0.000000  0.000000  0.000000
Row   15    0.000000  0.000000  0.000000  0.000000  0.000000  0.000000  0.000000  0.000000  0.000000  0.000000  0.000000  0.000000  0.000000  0.000000  0.003333  0.000000  0.000000  0.000000  0.000000  0.000000  0.000000  0.000000  0.000000  0.000000
Row   16    0.000000  0.000000  0.000000  0.000000  0.000000  0.000000  0.000000  0.000000  0.000000  0.000000  0.000000  0.000000  0.000000  0.000000  0.000000  0.003333  0.000000  0.000000  0.000000  0.000000  0.000000  0.000000  0.000000  0.000000
Row   17    0.000000  0.000000  0.000000  0.000000  0.000000  0.000000  0.000000  0.000000  0.000000  0.000000  0.000000  0.000000  0.000000  0.000000  0.000000  0.000000  0.003333  0.000000  0.000000  0.000000  0.000000  0.000000  0.000000  0.000000
Row   18    0.000000  0.000000  0.000000  0.000000  0.000000  0.000000  0.000000  0.000000  0.000000  0.000000  0.000000  0.000000  0.000000  0.000000  0.000000  0.000000  0.000000  0.003333  0.000000  0.000000  0.000000  0.000000  0.000000  0.000000
Row   19    0.000000  0.000000  0.000000  0.000000  0.000000  0.000000  0.000000  0.000000  0.000000  0.000000  0.000000  0.000000  0.000000  0.000000  0.000000  0.000000  0.000000  0.000000  0.003333  0.000000  0.000000  0.000000  0.000000  0.000000
Row   20    0.000000  0.000000  0.000000  0.000000  0.000000  0.000000  0.000000  0.000000  0.000000  0.000000  0.000000  0.000000  0.000000  0.000000  0.000000  0.000000  0.000000  0.000000  0.000000  0.003333  0.000000  0.000000  0.000000  0.000000
Row   21    0.000000  0.000000  0.000000  0.000000  0.000000  0.000000  0.000000  0.000000  0.000000  0.000000  0.000000  0.000000  0.000000  0.000000  0.000000  0.000000  0.000000  0.000000  0.000000  0.000000  0.003333  0.000000  0.000000  0.000000
Row   22    0.000000  0.000000  0.000000  0.000000  0.000000  0.000000  0.000000  0.000000  0.000000  0.000000  0.000000  0.000000  0.000000  0.000000  0.000000  0.000000  0.000000  0.000000  0.000000  0.000000  0.000000  0.003333  0.000000  0.000000
Row   23    0.000000  0.000000  0.000000  0.000000  0.000000  0.000000  0.000000  0.000000  0.000000  0.000000  0.000000  0.000000  0.000000  0.000000  0.000000  0.000000  0.000000  0.000000  0.000000  0.000000  0.000000  0.000000  0.003333  0.000000
Row   24    0.000000  0.000000  0.000000  0.000000  0.000000  0.000000  0.000000  0.000000  0.000000  0.000000  0.000000  0.000000  0.000000  0.000000  0.000000  0.000000  0.000000  0.000000  0.000000  0.000000  0.000000  0.000000  0.000000  0.003333

***** Geometry optimization cycle number   1 ******

Predicted structure change p_k = -M_k grad V(r_k)
C     -0.048787     -0.364694      0.265529
C     -0.101102      0.027521     -0.260423
H      0.006509      0.100712      0.018436
H     -0.050081      0.012129     -0.086385
H      0.137575      0.237857     -0.194217
H      0.068185     -0.062566      0.195196
H      0.015657      0.017481      0.009960
H     -0.027956      0.031559      0.051905
    Line search: alpha and energy:     0.800000   168.066800
    Line search: alpha and energy:     0.640000    96.175350
    Line search: alpha and energy:     0.512000    53.125996
    Line search: alpha and energy:     0.409600    28.248867
    Line search: alpha and energy:     0.327680    14.560343
    Line search: alpha and energy:     0.262144     7.618306
New structure r_k+1 = r_k + s_k = r_k + alpha_k p_k
C     -0.768789     -0.045602      0.069607
C      0.769497      0.007215     -0.018268
H     -1.178694      0.675001      0.799333
H     -1.113529      0.363280     -0.985245
H     -1.204436     -0.936347      0.427187
H      1.138274     -0.356501      1.003769
H      1.164604      1.023283     -0.155489
H      1.183072     -0.670327     -0.760893
Energy before update and after:    15.76611565     7.61830610 And GRMS:     27.7042099
New gradient g_k+1:
C     -0.308126    -73.368547     58.220939
C     -0.880497     16.956228    -58.024922
H     -8.917131     -8.131472     -2.953738
H     -4.961185     29.275936    -43.991878
H      8.712093     43.590861      3.644495
H      6.148890     -8.765608     22.661932
H      1.735177     -8.454788      5.816522
H     -1.529222      8.897391     14.626650
Updated guess for the Inverse Hessian (equation 12)
Row    1    0.003332 -0.000064  0.000050 -0.000003  0.000013 -0.000050 -0.000006 -0.000003 -0.000002 -0.000005  0.000022 -0.000035  0.000010  0.000039 -0.000003  0.000006 -0.000008  0.000022  0.000002 -0.000006  0.000005 -0.000002  0.000007  0.000012
Row    2   -0.000064  0.002461  0.000662 -0.000134  0.000129 -0.000654 -0.000041  0.000084  0.000007 -0.000092  0.000177 -0.000354  0.000224  0.000546 -0.000228  0.000121 -0.000129  0.000375  0.000030 -0.000024  0.000045 -0.000044  0.000090  0.000147
Row    3    0.000050  0.000662  0.002832  0.000105 -0.000096  0.000495  0.000029 -0.000068 -0.000007  0.000070 -0.000130  0.000264 -0.000173 -0.000415  0.000180 -0.000093  0.000098 -0.000287 -0.000023  0.000016 -0.000033  0.000034 -0.000068 -0.000111
Row    4   -0.000003 -0.000134  0.000105  0.003326  0.000028 -0.000105 -0.000013 -0.000006 -0.000003 -0.000011  0.000046 -0.000073  0.000022  0.000081 -0.000006  0.000013 -0.000017  0.000046  0.000004 -0.000012  0.000010 -0.000004  0.000016  0.000026
Row    5    0.000013  0.000129 -0.000096  0.000028  0.003319  0.000094  0.000002 -0.000024 -0.000004  0.000016 -0.000015  0.000042 -0.000041 -0.000082  0.000051 -0.000021  0.000021 -0.000062 -0.000005 -0.000001 -0.000005  0.000008 -0.000012 -0.000020
Row    6   -0.000050 -0.000654  0.000495 -0.000105  0.000094  0.002844 -0.000029  0.000069  0.000007 -0.000070  0.000128 -0.000260  0.000172  0.000410 -0.000180  0.000092 -0.000097  0.000285  0.000023 -0.000016  0.000033 -0.000034  0.000067  0.000110
Row    7   -0.000006 -0.000041  0.000029 -0.000013  0.000002 -0.000029  0.003335  0.000014  0.000003 -0.000006 -0.000001 -0.000007  0.000017  0.000027 -0.000026  0.000008 -0.000007  0.000024  0.000002  0.000003  0.000001 -0.000004  0.000003  0.000005
Row    8   -0.000003  0.000084 -0.000068 -0.000006 -0.000024  0.000069  0.000014  0.003354  0.000006  0.000004 -0.000044  0.000061 -0.000003 -0.000048 -0.000021 -0.000004  0.000009 -0.000020 -0.000001  0.000014 -0.000008  0.000000 -0.000011 -0.000018
Row    9   -0.000002  0.000007 -0.000007 -0.000003 -0.000004  0.000007  0.000003  0.000006  0.003335 -0.000000 -0.000008  0.000009  0.000003 -0.000004 -0.000008  0.000001  0.000000  0.000001  0.000000  0.000003 -0.000001 -0.000001 -0.000001 -0.000002
Row   10   -0.000005 -0.000092  0.000070 -0.000011  0.000016 -0.000070 -0.000006  0.000004 -0.000000  0.003325  0.000023 -0.000042  0.000020  0.000056 -0.000016  0.000011 -0.000013  0.000036  0.000003 -0.000005  0.000005 -0.000004  0.000010  0.000016
Row   11    0.000022  0.000177 -0.000130  0.000046 -0.000015  0.000128 -0.000001 -0.000044 -0.000008  0.000023  0.003322  0.000047 -0.000063 -0.000115  0.000087 -0.000032  0.000030 -0.000092 -0.000007 -0.000006 -0.000006  0.000013 -0.000016 -0.000026
Row   12   -0.000035 -0.000354  0.000264 -0.000073  0.000042 -0.000260 -0.000007  0.000061  0.000009 -0.000042  0.000047  0.003215  0.000109  0.000225 -0.000133  0.000056 -0.000056  0.000168  0.000013  0.000001  0.000015 -0.000022  0.000034  0.000056
Row   13    0.000010  0.000224 -0.000173  0.000022 -0.000041  0.000172  0.000017 -0.000003  0.000003  0.000020 -0.000063  0.000109  0.003288 -0.000137  0.000030 -0.000026  0.000031 -0.000085 -0.000007  0.000014 -0.000014  0.000009 -0.000025 -0.000041
Row   14    0.000039  0.000546 -0.000415  0.000081 -0.000082  0.000410  0.000027 -0.000048 -0.000004  0.000056 -0.000115  0.000225 -0.000137  0.002993  0.000136 -0.000075  0.000080 -0.000232 -0.000018  0.000017 -0.000029  0.000027 -0.000056 -0.000093
Row   15   -0.000003 -0.000228  0.000180 -0.000006  0.000051 -0.000180 -0.000026 -0.000021 -0.000008 -0.000016  0.000087 -0.000133  0.000030  0.000136  0.003338  0.000020 -0.000028  0.000073  0.000006 -0.000024  0.000017 -0.000005  0.000027  0.000045
Row   16    0.000006  0.000121 -0.000093  0.000013 -0.000021  0.000092  0.000008 -0.000004  0.000001  0.000011 -0.000032  0.000056 -0.000026 -0.000075  0.000020  0.003318  0.000017 -0.000048 -0.000004  0.000007 -0.000007  0.000005 -0.000013 -0.000022
Row   17   -0.000008 -0.000129  0.000098 -0.000017  0.000021 -0.000097 -0.000007  0.000009  0.000000 -0.000013  0.000030 -0.000056  0.000031  0.000080 -0.000028  0.000017  0.003315  0.000053  0.000004 -0.000005  0.000007 -0.000006  0.000014  0.000022
Row   18    0.000022  0.000375 -0.000287  0.000046 -0.000062  0.000285  0.000024 -0.000020  0.000001  0.000036 -0.000092  0.000168 -0.000085 -0.000232  0.000073 -0.000048  0.000053  0.003182 -0.000012  0.000017 -0.000022  0.000017 -0.000040 -0.000066
Row   19    0.000002  0.000030 -0.000023  0.000004 -0.000005  0.000023  0.000002 -0.000001  0.000000  0.000003 -0.000007  0.000013 -0.000007 -0.000018  0.000006 -0.000004  0.000004 -0.000012  0.003332  0.000001 -0.000002  0.000001 -0.000003 -0.000005
Row   20   -0.000006 -0.000024  0.000016 -0.000012 -0.000001 -0.000016  0.000003  0.000014  0.000003 -0.000005 -0.000006  0.000001  0.000014  0.000017 -0.000024  0.000007 -0.000005  0.000017  0.000001  0.003338 -0.000000 -0.000003  0.000001  0.000002
Row   21    0.000005  0.000045 -0.000033  0.000010 -0.000005  0.000033  0.000001 -0.000008 -0.000001  0.000005 -0.000006  0.000015 -0.000014 -0.000029  0.000017 -0.000007  0.000007 -0.000022 -0.000002 -0.000000  0.003332  0.000003 -0.000004 -0.000007
Row   22   -0.000002 -0.000044  0.000034 -0.000004  0.000008 -0.000034 -0.000004  0.000000 -0.000001 -0.000004  0.000013 -0.000022  0.000009  0.000027 -0.000005  0.000005 -0.000006  0.000017  0.000001 -0.000003  0.000003  0.003332  0.000005  0.000008
Row   23    0.000007  0.000090 -0.000068  0.000016 -0.000012  0.000067  0.000003 -0.000011 -0.000001  0.000010 -0.000016  0.000034 -0.000025 -0.000056  0.000027 -0.000013  0.000014 -0.000040 -0.000003  0.000001 -0.000004  0.000005  0.003324 -0.000015
Row   24    0.000012  0.000147 -0.000111  0.000026 -0.000020  0.000110  0.000005 -0.000018 -0.000002  0.000016 -0.000026  0.000056 -0.000041 -0.000093  0.000045 -0.000022  0.000022 -0.000066 -0.000005  0.000002 -0.000007  0.000008 -0.000015  0.003309

***** Geometry optimization cycle number   2 ******

Predicted structure change p_k = -M_k grad V(r_k)
C     -0.014729      0.042010     -0.040866
C     -0.030004     -0.027613      0.042056
H      0.021139      0.049170      0.012137
H     -0.005177     -0.058837      0.066914
H      0.024745     -0.018279     -0.069059
H      0.008345     -0.000972      0.013061
H      0.001225      0.023610     -0.009308
H     -0.005544     -0.009090     -0.014936
    Line search: alpha and energy:     0.800000     2.928828
New structure r_k+1 = r_k + s_k = r_k + alpha_k p_k
C     -0.780572     -0.011994      0.036914
C      0.745493     -0.014876      0.015377
H     -1.161782      0.714337      0.809043
H     -1.117670      0.316210     -0.931714
H     -1.184639     -0.950971      0.371940
H      1.144950     -0.357279      1.014218
H      1.165584      1.042171     -0.162936
H      1.178636     -0.677599     -0.772842
Energy before update and after:     7.61830610     2.92882818 And GRMS:     16.1449628
New gradient g_k+1:
C     -7.806650    -30.290333    -31.154140
C    -33.357352    -20.248827    -10.330323
H     -8.668087      2.801374      9.882434
H     12.733311     -0.485627     21.295795
H      6.514717     26.491349      4.898381
H      7.421348     -2.977003     10.898163
H     15.095325     24.932535     -3.055905
H      8.067387     -0.223467     -2.434404
Updated guess for the Inverse Hessian (equation 12)
Row    1    0.003304 -0.000107 -0.000073 -0.000109 -0.000061 -0.000042 -0.000019  0.000028  0.000032  0.000030 -0.000014  0.000067  0.000036  0.000091 -0.000019  0.000029 -0.000014  0.000051  0.000044  0.000077 -0.000010  0.000019  0.000000 -0.000006
Row    2   -0.000107  0.002934  0.000674 -0.000083  0.000110 -0.000326  0.000171  0.000405  0.000012 -0.000235 -0.000212 -0.000088  0.000357  0.000244 -0.000758  0.000127 -0.000120  0.000403 -0.000081 -0.000063  0.000008 -0.000150  0.000035  0.000074
Row    3   -0.000073  0.000674  0.002360 -0.000283 -0.000388  0.000649  0.000061  0.000172  0.000125  0.000152 -0.000413  0.000758 -0.000024 -0.000327 -0.000081 -0.000005  0.000079 -0.000167  0.000098  0.000320 -0.000103  0.000075 -0.000117 -0.000208
Row    4   -0.000109 -0.000083 -0.000283  0.003011 -0.000215  0.000051  0.000031  0.000220  0.000106  0.000044 -0.000222  0.000358  0.000156  0.000127 -0.000268  0.000087 -0.000032  0.000148  0.000094  0.000235 -0.000051  0.000020 -0.000030 -0.000060
Row    5   -0.000061  0.000110 -0.000388 -0.000215  0.003140  0.000171  0.000009  0.000106  0.000077  0.000074 -0.000168  0.000331  0.000044 -0.000011 -0.000081  0.000033  0.000008  0.000010  0.000076  0.000188 -0.000046  0.000039 -0.000039 -0.000076
Row    6   -0.000042 -0.000326  0.000649  0.000051  0.000171  0.003027  0.000110  0.000220 -0.000030 -0.000195 -0.000058 -0.000225  0.000219  0.000171 -0.000471  0.000070 -0.000085  0.000267 -0.000092 -0.000136  0.000029 -0.000121  0.000043  0.000088
Row    7   -0.000019  0.000171  0.000061  0.000031  0.000009  0.000110  0.003429  0.000145 -0.000002 -0.000075 -0.000161  0.000085  0.000069 -0.000113 -0.000250  0.000006 -0.000002  0.000029 -0.000054 -0.000031 -0.000012 -0.000053 -0.000019 -0.000022
Row    8    0.000028  0.000405  0.000172  0.000220  0.000106  0.000220  0.000145  0.003458 -0.000055 -0.000136 -0.000174  0.000002  0.000016 -0.000300 -0.000258 -0.000043  0.000024 -0.000059 -0.000137 -0.000162  0.000001 -0.000093 -0.000025 -0.000022
Row    9    0.000032  0.000012  0.000125  0.000106  0.000077 -0.000030 -0.000002 -0.000055  0.003298 -0.000026  0.000064 -0.000124 -0.000037 -0.000033  0.000056 -0.000024  0.000006 -0.000032 -0.000036 -0.000082  0.000017 -0.000014  0.000011  0.000023
Row   10    0.000030 -0.000235  0.000152  0.000044  0.000074 -0.000195 -0.000075 -0.000136 -0.000026  0.003353  0.000191 -0.000211 -0.000047  0.000131  0.000189 -0.000006 -0.000012  0.000006  0.000014 -0.000048  0.000029  0.000020  0.000035  0.000056
Row   11   -0.000014 -0.000212 -0.000413 -0.000222 -0.000168 -0.000058 -0.000161 -0.000174  0.000064  0.000191  0.003484  0.000110 -0.000089  0.000188  0.000378  0.000014  0.000011 -0.000046  0.000155  0.000202 -0.000015  0.000125  0.000002 -0.000020
Row   12    0.000067 -0.000088  0.000758  0.000358  0.000331 -0.000225  0.000085  0.000002 -0.000124 -0.000211  0.000110  0.002863  0.000033 -0.000043 -0.000175 -0.000031 -0.000031  0.000060 -0.000177 -0.000334  0.000064 -0.000126  0.000052  0.000112
Row   13    0.000036  0.000357 -0.000024  0.000156  0.000044  0.000219  0.000069  0.000016 -0.000037 -0.000047 -0.000089  0.000033  0.003281 -0.000252 -0.000042 -0.000051  0.000039 -0.000114 -0.000076 -0.000090 -0.000003 -0.000034 -0.000025 -0.000032
Row   14    0.000091  0.000244 -0.000327  0.000127 -0.000011  0.000171 -0.000113 -0.000300 -0.000033  0.000131  0.000188 -0.000043 -0.000252  0.003166  0.000524 -0.000096  0.000078 -0.000274  0.000027 -0.000020  0.000008  0.000086 -0.000012 -0.000027
Row   15   -0.000019 -0.000758 -0.000081 -0.000268 -0.000081 -0.000471 -0.000250 -0.000258  0.000056  0.000189  0.000378 -0.000175 -0.000042  0.000524  0.003800  0.000060 -0.000048  0.000105  0.000194  0.000179  0.000023  0.000135  0.000064  0.000077
Row   16    0.000029  0.000127 -0.000005  0.000087  0.000033  0.000070  0.000006 -0.000043 -0.000024 -0.000006  0.000014 -0.000031 -0.000051 -0.000096  0.000060  0.003302  0.000021 -0.000070 -0.000028 -0.000051  0.000005 -0.000004 -0.000005 -0.000005
Row   17   -0.000014 -0.000120  0.000079 -0.000032  0.000008 -0.000085 -0.000002  0.000024  0.000006 -0.000012  0.000011 -0.000031  0.000039  0.000078 -0.000048  0.000021  0.003314  0.000058  0.000007  0.000007  0.000004 -0.000006  0.000011  0.000017
Row   18    0.000051  0.000403 -0.000167  0.000148  0.000010  0.000267  0.000029 -0.000059 -0.000032  0.000006 -0.000046  0.000060 -0.000114 -0.000274  0.000105 -0.000070  0.000058  0.003153 -0.000050 -0.000062 -0.000006 -0.000000 -0.000031 -0.000046
Row   19    0.000044 -0.000081  0.000098  0.000094  0.000076 -0.000092 -0.000054 -0.000137 -0.000036  0.000014  0.000155 -0.000177 -0.000076  0.000027  0.000194 -0.000028  0.000007 -0.000050  0.003326 -0.000069  0.000025  0.000015  0.000022  0.000037
Row   20    0.000077 -0.000063  0.000320  0.000235  0.000188 -0.000136 -0.000031 -0.000162 -0.000082 -0.000048  0.000202 -0.000334 -0.000090 -0.000020  0.000179 -0.000051  0.000007 -0.000062 -0.000069  0.003145  0.000047 -0.000022  0.000037  0.000069
Row   21   -0.000010  0.000008 -0.000103 -0.000051 -0.000046  0.000029 -0.000012  0.000001  0.000017  0.000029 -0.000015  0.000064 -0.000003  0.000008  0.000023  0.000005  0.000004 -0.000006  0.000025  0.000047  0.003325  0.000017 -0.000007 -0.000015
Row   22    0.000019 -0.000150  0.000075  0.000020  0.000039 -0.000121 -0.000053 -0.000093 -0.000014  0.000020  0.000125 -0.000126 -0.000034  0.000086  0.000135 -0.000004 -0.000006 -0.000000  0.000015 -0.000022  0.000017  0.003351  0.000021  0.000033
Row   23    0.000000  0.000035 -0.000117 -0.000030 -0.000039  0.000043 -0.000019 -0.000025  0.000011  0.000035  0.000002  0.000052 -0.000025 -0.000012  0.000064 -0.000005  0.000011 -0.000031  0.000022  0.000037 -0.000007  0.000021  0.003326 -0.000016
Row   24   -0.000006  0.000074 -0.000208 -0.000060 -0.000076  0.000088 -0.000022 -0.000022  0.000023  0.000056 -0.000020  0.000112 -0.000032 -0.000027  0.000077 -0.000005  0.000017 -0.000046  0.000037  0.000069 -0.000015  0.000033 -0.000016  0.003301

***** Geometry optimization cycle number   3 ******

Predicted structure change p_k = -M_k grad V(r_k)
C      0.006437      0.103548      0.063771
C      0.061641      0.033480      0.053062
H      0.043025      0.040276     -0.015968
H     -0.042444     -0.049736     -0.004736
H      0.010272     -0.078285     -0.083731
H     -0.010028      0.004399     -0.009401
H     -0.040206     -0.047854      0.000819
H     -0.028696     -0.005829     -0.003817
    Line search: alpha and energy:     0.800000     6.089780
    Line search: alpha and energy:     0.640000     3.063433
    Line search: alpha and energy:     0.512000     1.526379
New structure r_k+1 = r_k + s_k = r_k + alpha_k p_k
C     -0.777276      0.041022      0.069565
C      0.777054      0.002266      0.042545
H     -1.139753      0.734959      0.800867
H     -1.139402      0.290746     -0.934139
H     -1.179380     -0.991053      0.329070
H      1.139816     -0.355026      1.009405
H      1.144998      1.017670     -0.162516
H      1.163944     -0.680583     -0.774796
Energy before update and after:     2.92882818     1.52637867 And GRMS:     14.5448628
New gradient g_k+1:
C    -17.814047     46.929352      9.030036
C     14.985020      9.738885     20.412250
H      7.590673    -19.964773    -17.082265
H      4.271024     -6.814151      7.659360
H     -8.443760    -16.975778      3.948533
H     -5.334599      1.749257    -11.100103
H     -3.807239     -7.012147     -0.925719
H      8.552927     -7.650645    -11.942093
Updated guess for the Inverse Hessian (equation 12)
Row    1    0.003344  0.000193  0.000111  0.000080  0.000037  0.000117  0.000109  0.000166 -0.000005 -0.000106 -0.000161  0.000044  0.000068 -0.000152 -0.000274 -0.000002  0.000001  0.000020 -0.000081 -0.000071 -0.000006 -0.000078 -0.000012 -0.000008
Row    2    0.000193  0.002111  0.000158 -0.000404 -0.000140 -0.000660 -0.000122  0.000425  0.000294 -0.000106  0.000124 -0.000198  0.000309  0.000604 -0.000289  0.000178 -0.000111  0.000431  0.000102  0.000165  0.000023 -0.000149  0.000155  0.000243
Row    3    0.000111  0.000158  0.002036 -0.000486 -0.000545  0.000438 -0.000124  0.000180  0.000300  0.000235 -0.000202  0.000690 -0.000055 -0.000098  0.000215  0.000027  0.000084 -0.000149  0.000215  0.000465 -0.000094  0.000078 -0.000042 -0.000103
Row    4    0.000080 -0.000404 -0.000486  0.002920 -0.000309 -0.000062 -0.000073  0.000297  0.000247  0.000052 -0.000103  0.000284  0.000144  0.000213 -0.000125  0.000100 -0.000020  0.000149  0.000137  0.000293 -0.000041 -0.000026  0.000033  0.000034
Row    5    0.000037 -0.000140 -0.000545 -0.000309  0.003064  0.000071 -0.000079  0.000119  0.000166  0.000109 -0.000067  0.000295  0.000030  0.000093  0.000058  0.000048  0.000012  0.000018  0.000129  0.000255 -0.000041  0.000035 -0.000001 -0.000022
Row    6    0.000117 -0.000660  0.000438 -0.000062  0.000071  0.002901 -0.000004  0.000264  0.000100 -0.000165  0.000072 -0.000286  0.000204  0.000289 -0.000302  0.000087 -0.000077  0.000274 -0.000033 -0.000060  0.000037 -0.000145  0.000100  0.000171
Row    7    0.000109 -0.000122 -0.000124 -0.000073 -0.000079 -0.000004  0.003327  0.000172  0.000107 -0.000041 -0.000044  0.000037  0.000054 -0.000001 -0.000094  0.000023  0.000003  0.000037  0.000003  0.000041 -0.000006 -0.000066  0.000029  0.000046
Row    8    0.000166  0.000425  0.000180  0.000297  0.000119  0.000264  0.000172  0.003597  0.000002 -0.000225 -0.000206 -0.000057  0.000031 -0.000417 -0.000351 -0.000056  0.000042 -0.000079 -0.000198 -0.000230  0.000009 -0.000187  0.000003  0.000031
Row    9   -0.000005  0.000294  0.000300  0.000247  0.000166  0.000100  0.000107  0.000002  0.003231 -0.000109 -0.000062 -0.000114 -0.000014 -0.000205 -0.000142 -0.000046  0.000011 -0.000051 -0.000124 -0.000189  0.000016 -0.000057 -0.000016 -0.000008
Row   10   -0.000106 -0.000106  0.000235  0.000052  0.000109 -0.000165 -0.000041 -0.000225 -0.000109  0.003385  0.000153 -0.000156 -0.000047  0.000141  0.000165 -0.000007 -0.000024  0.000014  0.000020 -0.000045  0.000021  0.000078 -0.000003 -0.000006
Row   11   -0.000161  0.000124 -0.000202 -0.000103 -0.000067  0.000072 -0.000044 -0.000206 -0.000062  0.000153  0.003351  0.000166 -0.000071  0.000060  0.000201 -0.000004  0.000004 -0.000054  0.000091  0.000119 -0.000022  0.000141 -0.000053 -0.000099
Row   12    0.000044 -0.000198  0.000690  0.000284  0.000295 -0.000286  0.000037 -0.000057 -0.000114 -0.000156  0.000166  0.002874  0.000021  0.000053 -0.000076 -0.000019 -0.000038  0.000072 -0.000127 -0.000276  0.000063 -0.000085  0.000055  0.000110
Row   13    0.000068  0.000309 -0.000055  0.000144  0.000030  0.000204  0.000054  0.000031 -0.000014 -0.000047 -0.000071  0.000021  0.003279 -0.000241 -0.000023 -0.000050  0.000041 -0.000115 -0.000071 -0.000083 -0.000002 -0.000044 -0.000015 -0.000017
Row   14   -0.000152  0.000604 -0.000098  0.000213  0.000093  0.000289 -0.000001 -0.000417 -0.000205  0.000141  0.000060  0.000053 -0.000241  0.003093  0.000382 -0.000109  0.000060 -0.000271 -0.000009 -0.000071 -0.000005  0.000158 -0.000088 -0.000145
Row   15   -0.000274 -0.000289  0.000215 -0.000125  0.000058 -0.000302 -0.000094 -0.000351 -0.000142  0.000165  0.000201 -0.000076 -0.000023  0.000382  0.003580  0.000038 -0.000064  0.000100  0.000123  0.000085  0.000009  0.000190 -0.000023 -0.000052
Row   16   -0.000002  0.000178  0.000027  0.000100  0.000048  0.000087  0.000023 -0.000056 -0.000046 -0.000007 -0.000004 -0.000019 -0.000050 -0.000109  0.000038  0.003300  0.000018 -0.000070 -0.000035 -0.000059  0.000003  0.000004 -0.000015 -0.000020
Row   17    0.000001 -0.000111  0.000084 -0.000020  0.000012 -0.000077  0.000003  0.000042  0.000011 -0.000024  0.000004 -0.000038  0.000041  0.000060 -0.000064  0.000018  0.003317  0.000056 -0.000002 -0.000004  0.000005 -0.000018  0.000013  0.000023
Row   18    0.000020  0.000431 -0.000149  0.000149  0.000018  0.000274  0.000037 -0.000079 -0.000051  0.000014 -0.000054  0.000072 -0.000115 -0.000271  0.000100 -0.000070  0.000056  0.003155 -0.000048 -0.000061 -0.000008  0.000012 -0.000040 -0.000060
Row   19   -0.000081  0.000102  0.000215  0.000137  0.000129 -0.000033  0.000003 -0.000198 -0.000124  0.000020  0.000091 -0.000127 -0.000071 -0.000009  0.000123 -0.000035 -0.000002 -0.000048  0.003308 -0.000095  0.000018  0.000052 -0.000017 -0.000024
Row   20   -0.000071  0.000165  0.000465  0.000293  0.000255 -0.000060  0.000041 -0.000230 -0.000189 -0.000045  0.000119 -0.000276 -0.000083 -0.000071  0.000085 -0.000059 -0.000004 -0.000061 -0.000095  0.003109  0.000039  0.000020 -0.000011 -0.000003
Row   21   -0.000006  0.000023 -0.000094 -0.000041 -0.000041  0.000037 -0.000006  0.000009  0.000016  0.000021 -0.000022  0.000063 -0.000002 -0.000005  0.000009  0.000003  0.000005 -0.000008  0.000018  0.000039  0.003325  0.000011 -0.000007 -0.000014
Row   22   -0.000078 -0.000149  0.000078 -0.000026  0.000035 -0.000145 -0.000066 -0.000187 -0.000057  0.000078  0.000141 -0.000085 -0.000044  0.000158  0.000190  0.000004 -0.000018  0.000012  0.000052  0.000020  0.000011  0.003414  0.000001 -0.000005
Row   23   -0.000012  0.000155 -0.000042  0.000033 -0.000001  0.000100  0.000029  0.000003 -0.000016 -0.000003 -0.000053  0.000055 -0.000015 -0.000088 -0.000023 -0.000015  0.000013 -0.000040 -0.000017 -0.000011 -0.000007  0.000001  0.003315 -0.000028
Row   24   -0.000008  0.000243 -0.000103  0.000034 -0.000022  0.000171  0.000046  0.000031 -0.000008 -0.000006 -0.000099  0.000110 -0.000017 -0.000145 -0.000052 -0.000020  0.000023 -0.000060 -0.000024 -0.000003 -0.000014 -0.000005 -0.000028  0.003290

***** Geometry optimization cycle number   4 ******

Predicted structure change p_k = -M_k grad V(r_k)
C      0.045925     -0.032037     -0.021034
C      0.003898     -0.008157     -0.004472
H     -0.006681      0.033863      0.026003
H     -0.015252      0.007287     -0.018768
H      0.001397     -0.011628     -0.000976
H     -0.000877      0.004663     -0.003403
H     -0.006256     -0.005922      0.002596
H     -0.022154      0.011931      0.020054
    Line search: alpha and energy:     0.800000     1.263652
    Line search: alpha and energy:     0.640000     0.808353
New structure r_k+1 = r_k + s_k = r_k + alpha_k p_k
C     -0.747884      0.020519      0.056103
C      0.779548     -0.002955      0.039683
H     -1.144029      0.756631      0.817509
H     -1.149163      0.295409     -0.946150
H     -1.178486     -0.998495      0.328445
H      1.139254     -0.352042      1.007228
H      1.140995      1.013880     -0.160855
H      1.149765     -0.672948     -0.761962
Energy before update and after:     1.52637867     0.80835335 And GRMS:      9.4257563
New gradient g_k+1:
C     26.705186     10.978113    -11.753641
C      7.390644      1.194901     11.056735
H     -8.946288      7.545705      9.463048
H     -3.761029     -1.212975     -1.876262
H    -12.094022    -16.237045      5.613614
H     -6.093249      3.234580    -12.674175
H     -4.135843     -7.932988      0.151538
H      0.934602      2.429710      0.019143
Updated guess for the Inverse Hessian (equation 12)
Row    1    0.002270  0.000468  0.000397 -0.000079  0.000066  0.000053  0.000363 -0.000470 -0.000509  0.000198 -0.000174  0.000325  0.000230  0.000220 -0.000195  0.000104 -0.000079  0.000215  0.000088  0.000180 -0.000041  0.000159 -0.000210 -0.000245
Row    2    0.000468  0.002250  0.000175 -0.000334 -0.000076 -0.000569 -0.000231  0.000519  0.000377 -0.000160  0.000058 -0.000200  0.000181  0.000464 -0.000334  0.000113 -0.000103  0.000331  0.000049  0.000051  0.000020 -0.000086  0.000170  0.000200
Row    3    0.000397  0.000175  0.002000 -0.000431 -0.000521  0.000488 -0.000210  0.000320  0.000414  0.000165 -0.000229  0.000646 -0.000136 -0.000217  0.000183 -0.000018  0.000100 -0.000223  0.000165  0.000376 -0.000090  0.000068 -0.000004 -0.000085
Row    4   -0.000079 -0.000334 -0.000431  0.002901 -0.000295 -0.000061 -0.000042  0.000193  0.000166  0.000100 -0.000115  0.000335  0.000156  0.000262 -0.000117  0.000111 -0.000033  0.000171  0.000161  0.000323 -0.000048  0.000026 -0.000002 -0.000016
Row    5    0.000066 -0.000076 -0.000521 -0.000295  0.003088  0.000098 -0.000100  0.000112  0.000163  0.000109 -0.000091  0.000311 -0.000004  0.000068  0.000047  0.000032  0.000010 -0.000004  0.000121  0.000231 -0.000044  0.000071 -0.000008 -0.000050
Row    6    0.000053 -0.000569  0.000488 -0.000061  0.000098  0.002923 -0.000004  0.000202  0.000054 -0.000139  0.000046 -0.000244  0.000183  0.000296 -0.000306  0.000080 -0.000086  0.000267 -0.000026 -0.000063  0.000030 -0.000086  0.000076  0.000121
Row    7    0.000363 -0.000231 -0.000210 -0.000042 -0.000100 -0.000004  0.003276  0.000337  0.000236 -0.000118 -0.000027 -0.000044  0.000033 -0.000079 -0.000108  0.000005  0.000025  0.000001 -0.000035 -0.000008  0.000005 -0.000148  0.000083  0.000123
Row    8   -0.000470  0.000519  0.000320  0.000193  0.000112  0.000202  0.000337  0.003243 -0.000282 -0.000053 -0.000191  0.000086  0.000156 -0.000182 -0.000296  0.000019 -0.000001  0.000053 -0.000095 -0.000064 -0.000008 -0.000087 -0.000103 -0.000075
Row    9   -0.000509  0.000377  0.000414  0.000166  0.000163  0.000054  0.000236 -0.000282  0.003004  0.000028 -0.000052  0.000002  0.000081 -0.000021 -0.000099  0.000012 -0.000024  0.000052 -0.000042 -0.000060  0.000003  0.000028 -0.000101 -0.000097
Row   10    0.000198 -0.000160  0.000165  0.000100  0.000109 -0.000139 -0.000118 -0.000053  0.000028  0.003302  0.000149 -0.000227 -0.000103  0.000031  0.000140 -0.000041 -0.000003 -0.000047 -0.000029 -0.000122  0.000030  0.000025  0.000049  0.000049
Row   11   -0.000174  0.000058 -0.000229 -0.000115 -0.000091  0.000046 -0.000027 -0.000191 -0.000052  0.000149  0.003374  0.000146 -0.000041  0.000079  0.000210  0.000009  0.000008 -0.000035  0.000096  0.000139 -0.000019  0.000102 -0.000043 -0.000068
Row   12    0.000325 -0.000200  0.000646  0.000335  0.000311 -0.000244 -0.000044  0.000086  0.000002 -0.000227  0.000146  0.002825 -0.000050 -0.000059 -0.000105 -0.000059 -0.000021  0.000005 -0.000175 -0.000358  0.000068 -0.000105  0.000095  0.000137
Row   13    0.000230  0.000181 -0.000136  0.000156 -0.000004  0.000183  0.000033  0.000156  0.000081 -0.000103 -0.000041 -0.000050  0.003290 -0.000279 -0.000025 -0.000050  0.000059 -0.000123 -0.000092 -0.000101  0.000008 -0.000131  0.000029  0.000061
Row   14    0.000220  0.000464 -0.000217  0.000262  0.000068  0.000296 -0.000079 -0.000182 -0.000021  0.000031  0.000079 -0.000059 -0.000279  0.002973  0.000360 -0.000138  0.000091 -0.000328 -0.000065 -0.000148  0.000010  0.000049 -0.000012 -0.000041
Row   15   -0.000195 -0.000334  0.000183 -0.000117  0.000047 -0.000306 -0.000108 -0.000296 -0.000099  0.000140  0.000210 -0.000105 -0.000025  0.000360  0.003577  0.000035 -0.000056  0.000092  0.000112  0.000073  0.000013  0.000158 -0.000004 -0.000023
Row   16    0.000104  0.000113 -0.000018  0.000111  0.000032  0.000080  0.000005  0.000019  0.000012 -0.000041  0.000009 -0.000059 -0.000050 -0.000138  0.000035  0.003296  0.000029 -0.000080 -0.000050 -0.000075  0.000009 -0.000042  0.000011  0.000022
Row   17   -0.000079 -0.000103  0.000100 -0.000033  0.000010 -0.000086  0.000025 -0.000001 -0.000024 -0.000003  0.000008 -0.000021  0.000059  0.000091 -0.000056  0.000029  0.003311  0.000073  0.000011  0.000018  0.000003 -0.000008  0.000001  0.000011
Row   18    0.000215  0.000331 -0.000223  0.000171 -0.000004  0.000267  0.000001  0.000053  0.000052 -0.000047 -0.000035  0.000005 -0.000123 -0.000328  0.000092 -0.000080  0.000073  0.003132 -0.000076 -0.000095  0.000001 -0.000061  0.000005  0.000008
Row   19    0.000088  0.000049  0.000165  0.000161  0.000121 -0.000026 -0.000035 -0.000095 -0.000042 -0.000029  0.000096 -0.000175 -0.000092 -0.000065  0.000112 -0.000050  0.000011 -0.000076  0.003282 -0.000132  0.000024  0.000009  0.000016  0.000018
Row   20    0.000180  0.000051  0.000376  0.000323  0.000231 -0.000063 -0.000008 -0.000064 -0.000060 -0.000122  0.000139 -0.000358 -0.000101 -0.000148  0.000073 -0.000075  0.000018 -0.000095 -0.000132  0.003062  0.000050 -0.000065  0.000044  0.000077
Row   21   -0.000041  0.000020 -0.000090 -0.000048 -0.000044  0.000030  0.000005 -0.000008  0.000003  0.000030 -0.000019  0.000068  0.000008  0.000010  0.000013  0.000009  0.000003  0.000001  0.000024  0.000050  0.003324  0.000012 -0.000012 -0.000016
Row   22    0.000159 -0.000086  0.000068  0.000026  0.000071 -0.000086 -0.000148 -0.000087  0.000028  0.000025  0.000102 -0.000105 -0.000131  0.000049  0.000158 -0.000042 -0.000008 -0.000061  0.000009 -0.000065  0.000012  0.003435  0.000024 -0.000014
Row   23   -0.000210  0.000170 -0.000004 -0.000002 -0.000008  0.000076  0.000083 -0.000103 -0.000101  0.000049 -0.000043  0.000095  0.000029 -0.000012 -0.000004  0.000011  0.000001  0.000005  0.000016  0.000044 -0.000012  0.000024  0.003284 -0.000054
Row   24   -0.000245  0.000200 -0.000085 -0.000016 -0.000050  0.000121  0.000123 -0.000075 -0.000097  0.000049 -0.000068  0.000137  0.000061 -0.000041 -0.000023  0.000022  0.000011  0.000008  0.000018  0.000077 -0.000016 -0.000014 -0.000054  0.003288

***** Geometry optimization cycle number   5 ******

Predicted structure change p_k = -M_k grad V(r_k)
C     -0.035196     -0.019646     -0.003074
C     -0.009289     -0.008871     -0.012262
H      0.014226     -0.011416     -0.010257
H      0.006718      0.009109     -0.000402
H      0.017123      0.018268      0.005944
H      0.008703     -0.000897      0.013323
H      0.006874      0.015059      0.000433
H     -0.009159     -0.001606      0.006295
    Line search: alpha and energy:     0.800000     0.233267
New structure r_k+1 = r_k + s_k = r_k + alpha_k p_k
C     -0.776041      0.004802      0.053643
C      0.772117     -0.010051      0.029873
H     -1.132648      0.747498      0.809303
H     -1.143789      0.302696     -0.946472
H     -1.164787     -0.983881      0.333200
H      1.146216     -0.352760      1.017886
H      1.146493      1.025927     -0.160508
H      1.142438     -0.674232     -0.756926
Energy before update and after:     0.80835335     0.23326722 And GRMS:      6.4832039
New gradient g_k+1:
C    -12.281973    -12.249152     -4.605118
C     11.460213    -13.408288    -10.017969
H     -2.604853      3.303814      3.619030
H      2.298736      0.591486      2.185846
H      2.106121      8.425566      0.887074
H     -0.379908      0.136480      0.616545
H      1.845889      5.149729     -0.200513
H     -2.444224      8.050366      7.515104
Updated guess for the Inverse Hessian (equation 12)
Row    1    0.001764  0.000210  0.000242  0.000395 -0.000347 -0.000207  0.000349 -0.000481 -0.000478  0.000289 -0.000106  0.000352  0.000287  0.000414 -0.000061  0.000078 -0.000048  0.000181  0.000129  0.000325 -0.000039  0.000043  0.000033  0.000009
Row    2    0.000210  0.002120  0.000091 -0.000063 -0.000300 -0.000706 -0.000248  0.000521  0.000401 -0.000113  0.000090 -0.000184  0.000201  0.000559 -0.000263  0.000091 -0.000085  0.000302  0.000067  0.000122  0.000021 -0.000145  0.000307  0.000338
Row    3    0.000242  0.000091  0.001977 -0.000419 -0.000585  0.000426 -0.000167  0.000283  0.000385  0.000194 -0.000194  0.000647 -0.000077 -0.000143  0.000214  0.000007  0.000100 -0.000184  0.000191  0.000436 -0.000088  0.000029  0.000012 -0.000043
Row    4    0.000395 -0.000063 -0.000419  0.003186 -0.000250  0.000082 -0.000291  0.000387  0.000351  0.000008 -0.000254  0.000350 -0.000125 -0.000002 -0.000184 -0.000047 -0.000010 -0.000068  0.000053  0.000101 -0.000054  0.000154  0.000090 -0.000058
