


################################################################################
#                                                                              #
#                                                                              #
#                                                                              #
#                  Geometry input section, energy and gradient                 #
#                                                                              #
#                                                                              #
#                                                                              #
################################################################################


The atoms of the inputs/ethane_dist.mol2 system and their positions are:
C1  -0.756000  0.050000  0.000000
C2   0.796000  0.000000  0.050000
H1  -1.180400  0.648600  0.794500
H2  -1.100400  0.360100 -0.962600
H3  -1.240500 -0.998700  0.478100
H4   1.120400 -0.340100  0.952600
H5   1.160500  1.018700 -0.158100
H6   1.190400 -0.678600 -0.774500

The Wilson B matrix at this structure is (28 rows 24 columns):

[-0.998964  0.032183 -0.032183  0.998964 -0.032183  0.032183  0.        0.        0.        0.        0.        0.        0.        0.        0.        0.        0.        0.        0.        0.        0.        0.        0.        0.      ]
[ 0.392414 -0.553485 -0.73462   0.        0.        0.       -0.392414  0.553485  0.73462   0.        0.        0.        0.        0.        0.        0.        0.        0.        0.        0.        0.        0.        0.        0.      ]
[ 0.322366 -0.290261  0.901015  0.        0.        0.        0.        0.        0.       -0.322366  0.290261 -0.901015  0.        0.        0.        0.        0.        0.        0.        0.        0.        0.        0.        0.      ]
[ 0.387527  0.838801 -0.382408  0.        0.        0.        0.        0.        0.        0.        0.        0.       -0.387527 -0.838801  0.382408  0.        0.        0.        0.        0.        0.        0.        0.        0.      ]
[ 0.        0.        0.       -0.318777  0.334205 -0.886955  0.        0.        0.        0.        0.        0.        0.        0.        0.        0.318777 -0.334205  0.886955  0.        0.        0.        0.        0.        0.      ]
[ 0.        0.        0.       -0.330829 -0.924596  0.188876  0.        0.        0.        0.        0.        0.        0.        0.        0.        0.        0.        0.        0.330829  0.924596 -0.188876  0.        0.        0.      ]
[ 0.        0.        0.       -0.346465  0.596124  0.724291  0.        0.        0.        0.        0.        0.        0.        0.        0.        0.        0.        0.        0.        0.        0.        0.346465 -0.596124 -0.724291]
[ 0.844819  0.55954   0.837918  0.004631 -0.377546 -0.521286 -0.84945  -0.181995 -0.316633  0.        0.        0.        0.        0.        0.        0.        0.        0.        0.        0.        0.        0.        0.        0.      ]
[ 0.9118    0.264952 -0.907246 -0.025967 -0.192284  0.613721  0.        0.        0.       -0.885834 -0.072668  0.293525  0.        0.        0.        0.        0.        0.        0.        0.        0.        0.        0.        0.      ]
[ 0.709735 -0.859903  0.411148  0.027505  0.583546 -0.270219  0.        0.        0.        0.        0.        0.       -0.737241  0.276356 -0.140929  0.        0.        0.        0.        0.        0.        0.        0.        0.      ]
[-0.986304  1.164952 -0.223259  0.        0.        0.        0.468159 -0.496339  0.624034  0.518144 -0.668614 -0.400775  0.        0.        0.        0.        0.        0.        0.        0.        0.        0.        0.        0.      ]
[-0.693568 -0.33802   0.97245   0.        0.        0.        0.369846  0.759952 -0.375009  0.        0.        0.        0.323722 -0.421932 -0.597441  0.        0.        0.        0.        0.        0.        0.        0.        0.      ]
[-1.019805 -0.832504 -0.690114  0.        0.        0.        0.        0.        0.        0.566927  0.743893  0.036808  0.452878  0.088611  0.653305  0.        0.        0.        0.        0.        0.        0.        0.        0.      ]
[ 0.026606  0.222425 -0.603424 -0.957818 -0.314373  0.903461  0.        0.        0.        0.        0.        0.        0.        0.        0.        0.931212  0.091948 -0.300037  0.        0.        0.        0.        0.        0.      ]
[ 0.        0.        0.        0.906824  0.855874  0.946821  0.        0.        0.        0.        0.        0.        0.        0.        0.       -0.475263 -0.847191 -0.148409 -0.431561 -0.008683 -0.798411  0.        0.        0.      ]
[ 0.        0.        0.        0.875907 -1.233168  0.154524  0.        0.        0.        0.        0.        0.        0.        0.        0.       -0.471562  0.737066  0.447209  0.        0.        0.       -0.404345  0.496102 -0.601733]
[-0.024574 -0.629163  0.133608 -0.831647  0.918484 -0.217033  0.        0.        0.        0.        0.        0.        0.        0.        0.        0.        0.        0.        0.856221 -0.289321  0.083425  0.        0.        0.      ]
[ 0.        0.        0.        0.824217  0.38337  -1.116763  0.        0.        0.        0.        0.        0.        0.        0.        0.        0.        0.        0.       -0.423961  0.303463  0.742932 -0.400257 -0.686833  0.373831]
[-0.003314  0.400783  0.50365  -0.81978  -0.561274 -0.765286  0.        0.        0.        0.        0.        0.        0.        0.        0.        0.        0.        0.        0.        0.        0.        0.823094  0.160491  0.261636]
[-0.061857 -1.26054   0.659505  0.036854  1.436239  0.292276  0.045049  0.811203 -0.587121  0.        0.        0.        0.        0.        0.       -0.020046 -0.986903 -0.36466   0.        0.        0.        0.        0.        0.      ]
[-0.062077 -0.987881  0.938995  0.040562 -0.021438 -1.280473  0.045049  0.811203 -0.587121  0.        0.        0.        0.        0.        0.        0.        0.        0.       -0.023534  0.198115  0.928599  0.        0.        0.      ]
[-0.046567 -0.84614   0.599292 -0.040757 -0.695938  0.569149  0.045049  0.811203 -0.587121  0.        0.        0.        0.        0.        0.        0.        0.        0.        0.        0.        0.        0.042274  0.730875 -0.58132 ]
[ 0.021687  0.962993  0.289836  0.019504  0.980988  0.37558   0.        0.        0.       -0.021144 -0.957079 -0.300756  0.        0.        0.       -0.020046 -0.986903 -0.36466   0.        0.        0.        0.        0.        0.      ]
[ 0.021467  1.235652  0.569326  0.023211 -0.476688 -1.197169  0.        0.        0.       -0.021144 -0.957079 -0.300756  0.        0.        0.        0.        0.        0.       -0.023534  0.198115  0.928599  0.        0.        0.      ]
[ 0.036977  1.377393  0.229623 -0.058107 -1.151189  0.652454  0.        0.        0.       -0.021144 -0.957079 -0.300756  0.        0.        0.        0.        0.        0.        0.        0.        0.        0.042274  0.730875 -0.58132 ]
[ 0.012409 -0.690687 -1.075854  0.021003  1.318636  0.666704  0.        0.        0.        0.        0.        0.       -0.013365  0.358953  0.77381  -0.020046 -0.986903 -0.36466   0.        0.        0.        0.        0.        0.      ]
[ 0.012189 -0.418028 -0.796364  0.02471  -0.13904  -0.906046  0.        0.        0.        0.        0.        0.       -0.013365  0.358953  0.77381   0.        0.        0.       -0.023534  0.198115  0.928599  0.        0.        0.      ]
[ 0.027699 -0.276287 -1.136067 -0.056608 -0.813541  0.943577  0.        0.        0.        0.        0.        0.       -0.013365  0.358953  0.77381   0.        0.        0.        0.        0.        0.        0.042274  0.730875 -0.58132 ]

The G matrix (BB.T) at this structure is (28 rows 28 columns):

[ 2.       -0.386178 -0.360371 -0.347823 -0.357747 -0.294651 -0.341981 -0.852903 -0.87313  -0.749906  1.029958  0.650674  1.014165 -0.917632  0.908811  0.91966  -0.86733   0.775084 -0.825496  0.       -0.       -0.        0.       -0.       -0.        0.        0.       -0.      ]
[-0.386178  2.       -0.374748 -0.031269  0.        0.        0.       -0.59373   0.877636  0.452415 -0.867812 -0.799457  0.567564  0.330619  0.        0.        0.240438  0.       -0.593119  0.18893  -0.167387  0.0098   -0.737411 -1.093729 -0.916541  1.177497  0.82118   0.998367]
[-0.360371 -0.374748  2.       -0.463101  0.        0.        0.        0.864906 -0.600414  0.848841 -0.857251  0.750723 -0.70891  -0.599679  0.        0.        0.295082  0.        0.336397  0.940169  1.11278   0.770561 -0.011381  0.161231 -0.180989 -0.764881 -0.59227  -0.934489]
[-0.347823 -0.031269 -0.463101  2.        0.        0.        0.        0.476307  0.922527 -0.603472  0.680321 -0.92418  -0.829602  0.427634  0.        0.       -0.588358  0.        0.142293 -1.333513 -1.211771 -0.956963  0.705329  0.827071  1.081879 -0.163125 -0.041383  0.213425]
[-0.357747  0.        0.        0.        2.       -0.371069 -0.332741  0.334703 -0.600327  0.425928  0.        0.        0.       -0.601064 -0.842824 -0.828405  0.76457   0.855901  0.752521  0.209014  1.115627 -0.724403 -0.011489  0.895124 -0.944906 -0.157337  0.749277 -1.090754]
[-0.294651  0.        0.        0.       -0.371069  2.       -0.299752  0.249087  0.302293 -0.599682  0.        0.        0.        0.778185 -0.912509  0.879593 -0.615087 -0.838067  0.645614 -1.284929 -0.235449  0.764444 -0.842532  0.206948  1.206841 -1.100229 -0.050749  0.949144]
[-0.341981  0.        0.        0.       -0.332741 -0.299752  2.       -0.604231  0.338884  0.142619  0.        0.        0.        0.798814  0.881798 -0.926672  0.678472 -0.865889 -0.604854  1.055101 -0.954269  0.011485  0.850063 -1.159306 -0.193553  1.261681 -0.747688  0.218066]
[-0.852903 -0.59373   0.864906  0.476307  0.334703  0.249087 -0.604231  2.998157 -0.089088  0.38363  -0.87342  -0.293974 -1.905629 -0.715394 -0.812496  0.389082 -0.498335  0.44123   1.250515 -0.899404  0.857372 -0.044762  0.233952  1.990728  1.088594 -2.122752 -0.365977 -1.26811 ]
[-0.87313   0.877636 -0.600414  0.922527 -0.600327  0.302293  0.338884 -0.089088  3.015113 -0.232469 -0.916144 -1.604205 -1.069786  1.270438  0.392965  0.309209 -0.598533 -0.780499 -0.694228 -1.086465 -1.953027 -0.326176  0.053335 -0.813227  0.813624  0.95945   0.092888  1.719739]
[-0.749906  0.452415  0.848841 -0.603472  0.425928 -0.599682  0.142619  0.38363  -0.232469  2.466258 -1.793553 -0.072832 -0.693119 -0.874405  0.268536 -0.737274  1.15026   0.548155 -0.283194  2.07134   1.526103  0.379917 -0.222023 -0.767261 -1.913447  0.750302  0.205064 -0.941121]
[ 1.029958 -0.867812 -0.857251  0.680321  0.        0.        0.       -0.87342  -0.916144 -1.793553  4.110836 -0.364882 -0.028295  0.367592  0.        0.       -0.738537  0.        0.357717 -2.302624 -2.047171 -1.821506  1.785239  2.040692  2.266358 -0.576662 -0.321209 -0.095543]
[ 0.650674 -0.799457  0.750723 -0.92418   0.        0.        0.       -0.293974 -1.604205 -0.072832 -0.364882  3.035653  0.036513 -0.680436  0.        0.        0.35964   0.        0.3566    1.963637  2.143415  1.754402 -0.058701  0.121077 -0.267936 -1.43944  -1.259662 -1.648675]
[ 1.014165  0.567564 -0.70891  -0.829602  0.        0.        0.       -1.905629 -1.069786 -0.693119 -0.028295  0.036513  3.725218  0.204129  0.        0.        0.456637  0.       -0.677849  0.657353  0.237708  0.338324 -1.758855 -2.1785   -2.077884  1.836095  1.41645   1.517066]
[-0.917632  0.330619 -0.599679  0.427634 -0.601064  0.778185  0.798814 -0.715394  1.270438 -0.874405  0.367592 -0.680436  0.204129  3.212422 -0.758161 -0.81721   0.090521 -1.918923  0.055385 -0.902737 -1.976962  0.220958  0.052121 -1.022104  1.175815  0.66358  -0.410645  1.787275]
[ 0.908811  0.        0.        0.       -0.842824 -0.912509  0.881798 -0.812496  0.392965  0.268536  0.        0.        0.       -0.758161  4.240733 -0.581527 -0.607149 -0.394674 -1.948364  2.439135 -1.926912 -0.093713  2.112638 -2.253409 -0.420209  2.678622 -1.687424  0.145775]
[ 0.91966   0.        0.        0.       -0.828405  0.879593 -0.926672  0.389082  0.309209 -0.737274  0.        0.        0.       -0.81721  -0.581527  4.049122 -1.894628 -0.327232 -0.55479  -2.574718 -0.135899  1.605751 -2.015643  0.423176  2.164827 -2.385721  0.053098  1.794749]
[-0.86733   0.240438  0.295082 -0.588358  0.76457  -0.615087  0.678472 -0.498335 -0.598533  1.15026  -0.738537  0.35964   0.456637  0.090521 -0.607149 -1.894628  2.820435 -0.479786  0.147554  2.107799  0.973003 -0.115264  0.2356   -0.899196 -1.987463  1.339489  0.204693 -0.883573]
[ 0.775084  0.        0.        0.        0.855901 -0.838067 -0.865889  0.44123  -0.780499  0.548155  0.        0.        0.       -1.918923 -0.394674 -0.327232 -0.479786  3.668941 -0.37808   0.254584  2.215183 -1.672224 -0.027277  1.933322 -1.954085 -0.221714  1.738886 -2.148521]
[-0.825496 -0.593119  0.336397  0.142293  0.752521  0.645614 -0.604854  1.250515 -0.694228 -0.283194  0.357717  0.3566   -0.677849  0.055385 -1.948364 -0.55479   0.147554 -0.37808   2.758726 -1.232848  1.035914 -0.048669 -0.322163  1.946599  0.862016 -2.086262  0.1825   -0.902083]
[ 0.        0.18893   0.940169 -1.333513  0.209014 -1.284929  1.055101 -0.899404 -1.086465  2.07134  -2.302624  1.963637  0.657353 -0.902737  2.439135 -2.574718  2.107799  0.254584 -1.232848  6.289446  2.46962   1.634813  1.602697 -2.217129 -3.051936  3.357207 -0.46262  -1.297426]
[-0.       -0.167387  1.11278  -1.211771  1.115627 -0.235449 -0.954269  0.857372 -1.953027  1.526103 -2.047171  2.143415  0.237708 -1.976962 -1.926912 -0.135899  0.973003  2.215183  1.035914  2.46962   5.410081  1.690785 -1.181674  1.758788 -1.960509 -1.209788  1.730674 -1.988623]
[-0.        0.0098    0.770561 -0.956963 -0.724403  0.764444  0.011485 -0.044762 -0.326176  0.379917 -1.821506  1.754402  0.338324  0.220958 -0.093713  1.605751 -0.115264 -1.672224 -0.048669  1.634813  1.690785  3.765883 -1.111881 -1.05591   1.019188 -0.600002 -0.544031  1.531067]
[ 0.       -0.737411 -0.011381  0.705329 -0.011489 -0.842532  0.850063  0.233952  0.053335 -0.222023  1.785239 -0.058701 -1.758855  0.052121  2.112638 -2.015643  0.2356   -0.027277 -0.322163  1.602697 -1.181674 -1.111881  4.229869  1.445498  1.515291  1.675054 -1.109317 -1.039525]
[-0.       -1.093729  0.161231  0.827071  0.895124  0.206948 -1.159306  1.990728 -0.813227 -0.767261  2.040692  0.121077 -2.1785   -1.022104 -2.253409  0.423176 -0.899196  1.933322  1.946599 -2.217129  1.758788 -1.05591   1.445498  5.421416  2.606717 -2.891941  1.083977 -1.730721]
[-0.       -0.916541 -0.180989  1.081879 -0.944906  1.206841 -0.193553  1.088594  0.813624 -1.913447  2.266358 -0.267936 -2.077884  1.175815 -0.420209  2.164827 -1.987463 -1.954085  0.862016 -3.051936 -1.960509  1.019188  1.515291  2.606717  5.586414 -2.282155 -1.190728  1.788969]
[ 0.        1.177497 -0.764881 -0.163125 -0.157337 -1.100229  1.261681 -2.122752  0.95945   0.750302 -0.576662 -1.43944   1.836095  0.66358   2.678622 -2.385721  1.339489 -0.221714 -2.086262  3.357207 -1.209788 -0.600002  1.675054 -2.891941 -2.282155  5.653563  1.086568  1.696354]
[ 0.        0.82118  -0.59227  -0.041383  0.749277 -0.050749 -0.747688 -0.365977  0.092888  0.205064 -0.321209 -1.259662  1.41645  -0.410645 -1.687424  0.053098  0.204693  1.738886  0.1825   -0.46262   1.730674 -0.544031 -1.109317  1.083977 -1.190728  1.086568  3.279862  1.005157]
[-0.        0.998367 -0.934489  0.213425 -1.090754  0.949144  0.218066 -1.26811   1.719739 -0.941121 -0.095543 -1.648675  1.517066  1.787275  0.145775  1.794749 -0.883573 -2.148521 -0.902083 -1.297426 -1.988623  1.531067 -1.039525 -1.730721  1.788969  1.696354  1.005157  4.524847]

The eigenvalues of G are:

[21.670039 18.537171 12.895786 10.705447  8.216033  6.622356  5.533843  2.464829  2.140504  0.397194  1.653834  1.461604  0.894887  1.075157  1.052501  0.951117  0.993725  0.996967 -0.        0.        0.       -0.        0.        0.       -0.       -0.       -0.        0.      ]

The Inverse G matrix at this structure is:
 
[ 1.993941  0.201382  0.165121  0.185373  0.162499  0.156392  0.178794  0.240342  0.196004  0.280571 -0.258636 -0.228443 -0.285971  0.242123 -0.251846 -0.261863  0.257311 -0.250052  0.266902 -0.008344 -0.011951  0.000348 -0.006407 -0.010014  0.002285  0.010196  0.006589  0.018888]
[ 0.201382  0.834578  0.070822  0.011782 -0.018975 -0.01262   0.082277  0.114003 -0.096188 -0.062051  0.027092  0.033832  0.018341  0.006365 -0.001897 -0.038815  0.012869 -0.038601  0.061392  0.004493 -0.00537   0.000955  0.053463  0.0436    0.049925 -0.056787 -0.066651 -0.060325]
[ 0.165121  0.070822  0.837153  0.083669  0.084016 -0.02239  -0.022969 -0.102228  0.117597 -0.12356   0.025054  0.013459  0.037193  0.039625 -0.031553 -0.029957  0.011678  0.003284  0.007006 -0.046114 -0.038882 -0.053007  0.001648  0.00888  -0.005246  0.046674  0.053906  0.03978 ]
[ 0.185373  0.011782  0.083669  0.834211 -0.032089  0.080322 -0.000019 -0.054102 -0.105498  0.125526  0.018128  0.01817   0.01964   0.00346  -0.032372 -0.002404  0.055578 -0.040766  0.016519  0.05314   0.054878  0.063442 -0.050853 -0.049114 -0.04055  -0.006016 -0.004277  0.004287]
[ 0.162499 -0.018975  0.084016 -0.032089  0.830677  0.069467  0.064184  0.006236  0.046593 -0.004088 -0.034013  0.005387 -0.029471  0.110988  0.033389  0.034732 -0.093632  0.007333 -0.101028  0.003325 -0.04444   0.052441  0.000304 -0.04746   0.04942  -0.003845 -0.051609  0.045271]
[ 0.156392 -0.01262  -0.02239   0.080322  0.069467  0.829775  0.05919   0.007318 -0.004278  0.062054  0.004599 -0.031351 -0.040604 -0.082314  0.021259  0.008466  0.114268  0.028371 -0.087415  0.044627 -0.005629 -0.057358  0.053149  0.002892 -0.048836  0.04722  -0.003037 -0.054765]
[ 0.178794  0.082277 -0.022969 -0.000019  0.064184  0.05919   0.829712  0.05037  -0.00041   0.017214 -0.03385  -0.033108 -0.000995 -0.087626  0.007582  0.021233 -0.086151  0.028226  0.121681 -0.048477  0.051157  0.001933 -0.054318  0.045316 -0.003908 -0.041233  0.058401  0.009177]
[ 0.240342  0.114003 -0.102228 -0.054102  0.006236  0.007318  0.05037   0.472496 -0.14848  -0.109099 -0.156453 -0.125201  0.117234  0.097991 -0.05077  -0.014938  0.09501  -0.020085 -0.111831  0.021916 -0.03659  -0.007173  0.06641   0.007904  0.037321  0.006591 -0.051915 -0.022499]
[ 0.196004 -0.096188  0.117597 -0.105498  0.046593 -0.004278 -0.00041  -0.14848   0.393297 -0.179414 -0.126     0.086716 -0.114534 -0.107696 -0.018621 -0.021628  0.091856 -0.041856  0.10464  -0.02908  -0.000338 -0.057145  0.00228   0.031021 -0.025785  0.026573  0.055315 -0.001491]
[ 0.280571 -0.062051 -0.12356   0.125526 -0.004088  0.062054  0.017214 -0.109099 -0.179414  0.565511  0.112716 -0.173434 -0.204753  0.134586 -0.022967 -0.058624 -0.116343 -0.023278  0.08365   0.003135  0.025129  0.073955 -0.07727  -0.055276 -0.00645  -0.02464  -0.002645  0.04618 ]
[-0.258636  0.027092  0.025054  0.018128 -0.034013  0.004599 -0.03385  -0.156453 -0.126     0.112716  0.171172  0.01328   0.004965 -0.016565  0.032562  0.034409 -0.05941   0.031532 -0.023464 -0.009612 -0.001152  0.007043 -0.005809  0.002651  0.010846 -0.009572 -0.001112  0.007084]
[-0.228443  0.033832  0.013459  0.01817   0.005387 -0.031351 -0.033108 -0.125201  0.086716 -0.173434  0.01328   0.159025  0.031569 -0.049903  0.026433  0.029854 -0.011726  0.031178 -0.024935  0.017288  0.022623  0.005297  0.006     0.011335 -0.005991 -0.025888 -0.020553 -0.037879]
[-0.285971  0.018341  0.037193  0.01964  -0.029471 -0.040604 -0.000995  0.117234 -0.114534 -0.204753  0.004965  0.031569  0.202815 -0.033266  0.037163  0.038646 -0.014666  0.034532 -0.063211  0.006702 -0.009356 -0.008889  0.013656 -0.002403 -0.001936  0.017797  0.001739  0.002206]
[ 0.242123  0.006365  0.039625  0.00346   0.110988 -0.082314 -0.087626  0.097991 -0.107696  0.134586 -0.016565 -0.049903 -0.033266  0.440745 -0.119537 -0.122715 -0.143553  0.086053 -0.154634  0.025979 -0.001264  0.058334 -0.005723 -0.032967  0.026631 -0.027448 -0.054691  0.004907]
[-0.251846 -0.001897 -0.031553 -0.032372  0.033389  0.021259  0.007582 -0.05077  -0.018621 -0.022967  0.032562  0.026433  0.037163 -0.119537  0.152158  0.012148 -0.156317  0.022685  0.092536  0.006648 -0.006843  0.005148 -0.004968 -0.018458 -0.006467  0.010317 -0.003173  0.008818]
[-0.261863 -0.038815 -0.029957 -0.002404  0.034732  0.008466  0.021233 -0.014938 -0.021628 -0.058624  0.034409  0.029854  0.038646 -0.122715  0.012148  0.161587  0.089307  0.023106 -0.165884 -0.009037 -0.007402  0.002367  0.007825  0.00946   0.019229 -0.008075 -0.00644   0.003329]
[ 0.257311  0.012869  0.011678  0.055578 -0.093632  0.114268 -0.086151  0.09501   0.091856 -0.116343 -0.05941  -0.011726 -0.014666 -0.143553 -0.156317  0.089307  0.493308 -0.145828 -0.134916  0.003975 -0.036131 -0.068468  0.073921  0.033814  0.001477  0.032157 -0.00795  -0.040287]
[-0.250052 -0.038601  0.003284 -0.040766  0.007333  0.028371  0.028226 -0.020085 -0.041856 -0.023278  0.031532  0.031178  0.034532  0.086053  0.022685  0.023106 -0.145828  0.157788 -0.148081  0.007076  0.021426 -0.006297 -0.000389  0.013961 -0.013761 -0.008791  0.005559 -0.022163]
[ 0.266902  0.061392  0.007006  0.016519 -0.101028 -0.087415  0.121681 -0.111831  0.10464   0.08365  -0.023464 -0.024935 -0.063211 -0.154634  0.092536 -0.165884 -0.134916 -0.148081  0.526445 -0.035892  0.031424  0.00595  -0.071421 -0.004105 -0.029579  0.003138  0.070454  0.04498 ]
[-0.008344  0.004493 -0.046114  0.05314   0.003325  0.044627 -0.048477  0.021916 -0.02908   0.003135 -0.009612  0.017288  0.006702  0.025979  0.006648 -0.009037  0.003975  0.007076 -0.035892  0.048558  0.022042  0.03029   0.029489  0.002973  0.011221  0.016564 -0.009953 -0.001705]
[-0.011951 -0.00537  -0.038882  0.054878 -0.04444  -0.005629  0.051157 -0.03659  -0.000338  0.025129 -0.001152  0.022623 -0.009356 -0.001264 -0.006843 -0.007402 -0.036131  0.021426  0.031424  0.022042  0.054636  0.032923 -0.008812  0.023783  0.002069 -0.000316  0.032279  0.010565]
[ 0.000348  0.000955 -0.053007  0.063442  0.052441 -0.057358  0.001933 -0.007173 -0.057145  0.073955  0.007043  0.005297 -0.008889  0.058334  0.005148  0.002367 -0.068468 -0.006297  0.00595   0.03029   0.032923  0.075628 -0.012208 -0.009575  0.03313  -0.009548 -0.006915  0.035791]
[-0.006407  0.053463  0.001648 -0.050853  0.000304  0.053149 -0.054318  0.06641   0.00228  -0.07727  -0.005809  0.006     0.013656 -0.005723 -0.004968  0.007825  0.073921 -0.000389 -0.071421  0.029489 -0.008812 -0.012208  0.076223  0.037922  0.034526  0.03045  -0.007851 -0.011247]
[-0.010014  0.0436    0.00888  -0.049114 -0.04746   0.002892  0.045316  0.007904  0.031021 -0.055276  0.002651  0.011335 -0.002403 -0.032967 -0.018458  0.00946   0.033814  0.013961 -0.004105  0.002973  0.023783 -0.009575  0.037922  0.058732  0.025374  0.01357   0.03438   0.001022]
[ 0.002285  0.049925 -0.005246 -0.04055   0.04942  -0.048836 -0.003908  0.037321 -0.025785 -0.00645   0.010846 -0.005991 -0.001936  0.026631 -0.006467  0.019229  0.001477 -0.013761 -0.029579  0.011221  0.002069  0.03313   0.034526  0.025374  0.056436  0.004339 -0.004813  0.026248]
[ 0.010196 -0.056787  0.046674 -0.006016 -0.003845  0.04722  -0.041233  0.006591  0.026573 -0.02464  -0.009572 -0.025888  0.017797 -0.027448  0.010317 -0.008075  0.032157 -0.008791  0.003138  0.016564 -0.000316 -0.009548  0.03045   0.01357   0.004339  0.056312  0.039432  0.0302  ]
[ 0.006589 -0.066651  0.053906 -0.004277 -0.051609 -0.003037  0.058401 -0.051915  0.055315 -0.002645 -0.001112 -0.020553  0.001739 -0.054691 -0.003173 -0.00644  -0.00795   0.005559  0.070454 -0.009953  0.032279 -0.006915 -0.007851  0.03438  -0.004813  0.039432  0.081663  0.04247 ]
[ 0.018888 -0.060325  0.03978   0.004287  0.045271 -0.054765  0.009177 -0.022499 -0.001491  0.04618   0.007084 -0.037879  0.002206  0.004907  0.008818  0.003329 -0.040287 -0.022163  0.04498  -0.001705  0.010565  0.035791 -0.011247  0.001022  0.026248  0.0302    0.04247   0.067696]

The gradient in internal coordinates is (kcal/mol/Angstrom or kcal/mol/radian):

[ 13.71825  -20.01951  -29.249866  98.129524 -64.732523  -5.838497  19.827906   6.452183  -3.054555   2.144858   0.502603 -10.92583    4.576509   0.856377   1.823498  -0.570141  -2.671356  -0.610792   1.12297   -3.720028  -4.753228  -3.122083  -0.398561  -1.431761   0.199384   5.10948    4.07628    5.707425]



################################################################################
#                                                                              #
#                                                                              #
#                                                                              #
#                   BFGS optimization in internal coordinates                  #
#                                                                              #
#                                                                              #
#                                                                              #
################################################################################


The estimated Hessian for the first step is:

[[0.001667 0.       0.       0.       0.       0.       0.       0.       0.       0.       0.       0.       0.       0.       0.       0.       0.       0.       0.       0.       0.       0.       0.       0.       0.       0.       0.       0.      ]
 [0.       0.001667 0.       0.       0.       0.       0.       0.       0.       0.       0.       0.       0.       0.       0.       0.       0.       0.       0.       0.       0.       0.       0.       0.       0.       0.       0.       0.      ]
 [0.       0.       0.001667 0.       0.       0.       0.       0.       0.       0.       0.       0.       0.       0.       0.       0.       0.       0.       0.       0.       0.       0.       0.       0.       0.       0.       0.       0.      ]
 [0.       0.       0.       0.001667 0.       0.       0.       0.       0.       0.       0.       0.       0.       0.       0.       0.       0.       0.       0.       0.       0.       0.       0.       0.       0.       0.       0.       0.      ]
 [0.       0.       0.       0.       0.001667 0.       0.       0.       0.       0.       0.       0.       0.       0.       0.       0.       0.       0.       0.       0.       0.       0.       0.       0.       0.       0.       0.       0.      ]
 [0.       0.       0.       0.       0.       0.001667 0.       0.       0.       0.       0.       0.       0.       0.       0.       0.       0.       0.       0.       0.       0.       0.       0.       0.       0.       0.       0.       0.      ]
 [0.       0.       0.       0.       0.       0.       0.001667 0.       0.       0.       0.       0.       0.       0.       0.       0.       0.       0.       0.       0.       0.       0.       0.       0.       0.       0.       0.       0.      ]
 [0.       0.       0.       0.       0.       0.       0.       0.006667 0.       0.       0.       0.       0.       0.       0.       0.       0.       0.       0.       0.       0.       0.       0.       0.       0.       0.       0.       0.      ]
 [0.       0.       0.       0.       0.       0.       0.       0.       0.006667 0.       0.       0.       0.       0.       0.       0.       0.       0.       0.       0.       0.       0.       0.       0.       0.       0.       0.       0.      ]
 [0.       0.       0.       0.       0.       0.       0.       0.       0.       0.006667 0.       0.       0.       0.       0.       0.       0.       0.       0.       0.       0.       0.       0.       0.       0.       0.       0.       0.      ]
 [0.       0.       0.       0.       0.       0.       0.       0.       0.       0.       0.006667 0.       0.       0.       0.       0.       0.       0.       0.       0.       0.       0.       0.       0.       0.       0.       0.       0.      ]
 [0.       0.       0.       0.       0.       0.       0.       0.       0.       0.       0.       0.006667 0.       0.       0.       0.       0.       0.       0.       0.       0.       0.       0.       0.       0.       0.       0.       0.      ]
 [0.       0.       0.       0.       0.       0.       0.       0.       0.       0.       0.       0.       0.006667 0.       0.       0.       0.       0.       0.       0.       0.       0.       0.       0.       0.       0.       0.       0.      ]
 [0.       0.       0.       0.       0.       0.       0.       0.       0.       0.       0.       0.       0.       0.006667 0.       0.       0.       0.       0.       0.       0.       0.       0.       0.       0.       0.       0.       0.      ]
 [0.       0.       0.       0.       0.       0.       0.       0.       0.       0.       0.       0.       0.       0.       0.006667 0.       0.       0.       0.       0.       0.       0.       0.       0.       0.       0.       0.       0.      ]
 [0.       0.       0.       0.       0.       0.       0.       0.       0.       0.       0.       0.       0.       0.       0.       0.006667 0.       0.       0.       0.       0.       0.       0.       0.       0.       0.       0.       0.      ]
 [0.       0.       0.       0.       0.       0.       0.       0.       0.       0.       0.       0.       0.       0.       0.       0.       0.006667 0.       0.       0.       0.       0.       0.       0.       0.       0.       0.       0.      ]
 [0.       0.       0.       0.       0.       0.       0.       0.       0.       0.       0.       0.       0.       0.       0.       0.       0.       0.006667 0.       0.       0.       0.       0.       0.       0.       0.       0.       0.      ]
 [0.       0.       0.       0.       0.       0.       0.       0.       0.       0.       0.       0.       0.       0.       0.       0.       0.       0.       0.006667 0.       0.       0.       0.       0.       0.       0.       0.       0.      ]
 [0.       0.       0.       0.       0.       0.       0.       0.       0.       0.       0.       0.       0.       0.       0.       0.       0.       0.       0.       0.0125   0.       0.       0.       0.       0.       0.       0.       0.      ]
 [0.       0.       0.       0.       0.       0.       0.       0.       0.       0.       0.       0.       0.       0.       0.       0.       0.       0.       0.       0.       0.0125   0.       0.       0.       0.       0.       0.       0.      ]
 [0.       0.       0.       0.       0.       0.       0.       0.       0.       0.       0.       0.       0.       0.       0.       0.       0.       0.       0.       0.       0.       0.0125   0.       0.       0.       0.       0.       0.      ]
 [0.       0.       0.       0.       0.       0.       0.       0.       0.       0.       0.       0.       0.       0.       0.       0.       0.       0.       0.       0.       0.       0.       0.0125   0.       0.       0.       0.       0.      ]
 [0.       0.       0.       0.       0.       0.       0.       0.       0.       0.       0.       0.       0.       0.       0.       0.       0.       0.       0.       0.       0.       0.       0.       0.0125   0.       0.       0.       0.      ]
 [0.       0.       0.       0.       0.       0.       0.       0.       0.       0.       0.       0.       0.       0.       0.       0.       0.       0.       0.       0.       0.       0.       0.       0.       0.0125   0.       0.       0.      ]
 [0.       0.       0.       0.       0.       0.       0.       0.       0.       0.       0.       0.       0.       0.       0.       0.       0.       0.       0.       0.       0.       0.       0.       0.       0.       0.0125   0.       0.      ]
 [0.       0.       0.       0.       0.       0.       0.       0.       0.       0.       0.       0.       0.       0.       0.       0.       0.       0.       0.       0.       0.       0.       0.       0.       0.       0.       0.0125   0.      ]
 [0.       0.       0.       0.       0.       0.       0.       0.       0.       0.       0.       0.       0.       0.       0.       0.       0.       0.       0.       0.       0.       0.       0.       0.       0.       0.       0.       0.0125  ]]

 ######################### Geometry optimizaton step 1 #########################

The RMS value of the gradient is: 41.997249 (Threshold 0.001000)

Gradient was rescaled to fit the RMS threshold. The new search step direction is (RMS = 0.020000):
[-0.009004  0.01314   0.019198 -0.064406  0.042486  0.003832 -0.013014 -0.016939  0.008019 -0.005631 -0.00132   0.028684 -0.012015 -0.002248 -0.004787  0.001497  0.007013  0.001604 -0.002948  0.018312  0.023398  0.015369  0.001962  0.007048 -0.000981 -0.025151 -0.020066 -0.028095]

 =============== Internal to cartesian conversion iteration 1 ===============

Estimated change dx is:
[-0.001328 -0.01215   0.005217 -0.009722 -0.002883 -0.004752  0.010305  0.010202  0.012477 -0.019292 -0.013065 -0.009957  0.037946  0.028123 -0.035067  0.008557 -0.013023  0.032759 -0.008109  0.000527 -0.005521 -0.018357  0.002269  0.004844]

Current internals q_11 are:
[ 1.544663  1.094886  1.087633  1.1861    1.060144  1.10561   1.125351  1.95273   1.943069  1.921041  1.951406  1.641226  2.035846  1.9334    1.945405  1.910954  1.877209  1.878555  1.917262  0.995092 -1.134896  3.10847  -3.090431  1.062766 -0.977054 -0.805178 -2.935165  1.3082  ]

Difference between internals and desired internals is:
[-0.000057 -0.000235 -0.000085 -0.000269 -0.000018 -0.       -0.000011 -0.002389  0.004412 -0.000627  0.002196 -0.010472  0.004426  0.001002  0.000764  0.000548 -0.000309 -0.001723 -0.000389  0.003426  0.004434  0.00312   0.000299  0.001307 -0.000007 -0.003225 -0.002217 -0.003531]

maximum change is 0.0005529267261565884 (thresh = 1e-05 )

corresponding cartesians:
[-0.75724   0.03762   0.005138  0.786313 -0.002939  0.045242 -1.169974  0.658479  0.806665 -1.119743  0.34686  -0.972474 -1.203107 -0.970013  0.443342  1.129201 -0.353196  0.985251  1.152282  1.019277 -0.163362  1.172269 -0.676088 -0.769801]

 =============== Internal to cartesian conversion iteration 2 ===============

Current internals q_11 are:
[ 1.544607  1.094651  1.087549  1.185809  1.060127  1.10561   1.125339  1.952682  1.943247  1.921798  1.951154  1.64045   2.035856  1.933622  1.94519   1.910959  1.877175  1.878505  1.917327  0.995276 -1.134561  3.108848 -3.090481  1.062868 -0.976909 -0.804435 -2.934272  1.309136]

Difference between internals and desired internals is:
[-0.000001  0.       -0.000002  0.000022 -0.000001  0.        0.000001 -0.002341  0.004234 -0.001385  0.002448 -0.009696  0.004416  0.000781  0.000979  0.000543 -0.000275 -0.001673 -0.000455  0.003242  0.004099  0.002742  0.000348  0.001206 -0.000152 -0.003967 -0.00311  -0.004467]

maximum change is 2.638474071736674e-05 (thresh = 1e-05 )

corresponding cartesians:
[-0.757242  0.037632  0.005138  0.78631  -0.002939  0.045245 -1.16998   0.658494  0.80666  -1.119747  0.346869 -0.972473 -1.203086 -0.970039  0.443338  1.129202 -0.353195  0.985251  1.152286  1.019275 -0.163362  1.172259 -0.676097 -0.769797]

 =============== Internal to cartesian conversion iteration 3 ===============

Current internals q_11 are:
[ 1.544606  1.094651  1.087548  1.185831  1.060126  1.10561   1.12534   1.952688  1.943254  1.921762  1.951148  1.64048   2.035857  1.933631  1.945186  1.910953  1.877175  1.87851   1.917324  0.995277 -1.13456   3.108845 -3.090477  1.062871 -0.976909 -0.804455 -2.934292  1.309113]

Difference between internals and desired internals is:
[ 0.       -0.       -0.       -0.000001 -0.       -0.       -0.       -0.002347  0.004228 -0.001349  0.002454 -0.009726  0.004415  0.000772  0.000982  0.000549 -0.000275 -0.001678 -0.000451  0.003241  0.004099  0.002745  0.000345  0.001203 -0.000151 -0.003948 -0.00309  -0.004444]

maximum change is 9.264148181920007e-07 (thresh = 1e-05 )

corresponding cartesians:
[-0.757242  0.037631  0.005138  0.78631  -0.002939  0.045245 -1.16998   0.658494  0.806661 -1.119747  0.346868 -0.972473 -1.203087 -0.970038  0.443338  1.129202 -0.353195  0.985251  1.152286  1.019275 -0.163362  1.172259 -0.676096 -0.769796]

 =============== Internal to cartesian converged ===============
C1  -0.757242  0.037631  0.005138
C2   0.786310 -0.002939  0.045245
H1  -1.169980  0.658494  0.806661
H2  -1.119747  0.346868 -0.972473
H3  -1.203087 -0.970038  0.443338
H4   1.129202 -0.353195  0.985251
H5   1.152286  1.019275 -0.163362
H6   1.172259 -0.676096 -0.769796

New_set of internals:
[ 1.544606  1.094651  1.087548  1.185831  1.060126  1.10561   1.12534   1.952688  1.943254  1.921762  1.951148  1.64048   2.035857  1.933631  1.945186  1.910953  1.877175  1.87851   1.917324  0.995277 -1.13456   3.108845 -3.090477  1.062871 -0.976909 -0.804455 -2.934292  1.309113]

B matrix at the new structure:
[[-0.999318  0.026265 -0.025966  0.999318 -0.026265  0.025966  0.        0.        0.        0.        0.        0.        0.        0.        0.        0.        0.        0.        0.        0.        0.        0.        0.        0.      ]
 [ 0.377049 -0.567178 -0.732218  0.        0.        0.       -0.377049  0.567178  0.732218  0.        0.        0.        0.        0.        0.        0.        0.        0.        0.        0.        0.        0.        0.        0.      ]
 [ 0.333323 -0.284343  0.898913  0.        0.        0.        0.        0.        0.       -0.333323  0.284343 -0.898913  0.        0.        0.        0.        0.        0.        0.        0.        0.        0.        0.        0.      ]
 [ 0.375977  0.849758 -0.36953   0.        0.        0.        0.        0.        0.        0.        0.        0.       -0.375977 -0.849758  0.36953   0.        0.        0.        0.        0.        0.        0.        0.        0.      ]
 [ 0.        0.        0.       -0.323445  0.330391 -0.886693  0.        0.        0.        0.        0.        0.        0.        0.        0.        0.323445 -0.330391  0.886693  0.        0.        0.        0.        0.        0.      ]
 [ 0.        0.        0.       -0.331017 -0.924569  0.18868   0.        0.        0.        0.        0.        0.        0.        0.        0.        0.        0.        0.        0.331017  0.924569 -0.18868   0.        0.        0.      ]
 [ 0.        0.        0.       -0.342962  0.598182  0.724262  0.        0.        0.        0.        0.        0.        0.        0.        0.        0.        0.        0.        0.        0.        0.        0.342962 -0.598182 -0.724262]
 [ 0.842219  0.571107  0.8118    0.003228 -0.388876 -0.5176   -0.845447 -0.18223  -0.2942    0.        0.        0.        0.        0.        0.        0.        0.        0.        0.        0.        0.        0.        0.        0.      ]
 [ 0.887852  0.267215 -0.915535 -0.021084 -0.190995  0.618241  0.        0.        0.       -0.866768 -0.076219  0.297294  0.        0.        0.        0.        0.        0.        0.        0.        0.        0.        0.        0.      ]
 [ 0.758997 -0.878034  0.398335  0.022342  0.592085 -0.260924  0.        0.        0.        0.        0.        0.       -0.781339  0.28595  -0.13741   0.        0.        0.        0.        0.        0.        0.        0.        0.      ]
 [-0.961577  1.153106 -0.222327  0.        0.        0.        0.465655 -0.486911  0.616948  0.495922 -0.666194 -0.394622  0.        0.        0.        0.        0.        0.        0.        0.        0.        0.        0.        0.      ]
