


################################################################################
#                                                                              #
#                                                                              #
#                                                                              #
#                  Geometry input section, energy and gradient                 #
#                                                                              #
#                                                                              #
#                                                                              #
################################################################################


The atoms of the methane.mol2 system and their positions are:
C1  -0.012700  1.085800  0.008000
H1   0.202100 -0.004100  0.102000
H2   1.009900  1.463100  0.200300
H3  -0.589900  1.496900 -0.875100
H4  -0.522900  1.437300  0.904800

The Wilson B matrix at this structure is (10 rows 15 columns):

[-0.192674  0.977633 -0.084317  0.192674 -0.977633  0.084317  0.        0.        0.        0.        0.        0.        0.        0.        0.      ]
[-0.92391  -0.340887 -0.173741  0.        0.        0.        0.92391   0.340887  0.173741  0.        0.        0.        0.        0.        0.      ]
[ 0.509774 -0.363077  0.77994   0.        0.        0.        0.        0.        0.       -0.509774  0.363077 -0.77994   0.        0.        0.      ]
[ 0.468072 -0.322476 -0.82275   0.        0.        0.        0.        0.        0.        0.        0.        0.       -0.468072  0.322476  0.82275 ]
[ 1.155968 -0.664099  0.267385 -0.8616   -0.184308 -0.168149 -0.294368  0.848408 -0.099236  0.        0.        0.        0.        0.        0.      ]
[-0.504262 -0.966788 -1.103572  0.430009  0.151374  0.772513  0.        0.        0.        0.074253  0.815414  0.331059  0.        0.        0.      ]
[-0.349667 -0.852526  1.162041  0.384117  0.005794 -0.810567  0.        0.        0.        0.        0.        0.       -0.03445   0.846732 -0.351474]
[ 0.617768  1.064853 -0.922572  0.        0.        0.        0.065798 -0.544332  0.718102 -0.683566 -0.520522  0.204471  0.        0.        0.      ]
[ 0.505733  0.724308  1.084109  0.        0.        0.        0.277505 -0.352393 -0.784287  0.        0.        0.       -0.783238 -0.371915 -0.299821]
[-1.182029  0.828848  0.031279  0.        0.        0.        0.        0.        0.        0.565792 -0.392929 -0.552721  0.616237 -0.435919  0.521442]

The G matrix (BB.T) at this structure is (10 rows 10 columns):

[ 2.       -0.1406   -0.518939 -0.336077 -0.894516 -0.754956 -0.864066  0.999797  0.519257  1.035418]
[-0.1406    2.       -0.482725 -0.179583 -0.888083  0.987194  0.411781 -0.773468 -0.902514  0.80411 ]
[-0.518939 -0.482725  2.       -0.286001  1.038946 -0.76676   1.037603 -0.791252  0.840369 -0.879107]
[-0.336077 -0.179583 -0.286001  2.        0.535241  0.983699 -0.84482   0.704817 -0.888803 -0.846293]
[-0.894516 -0.888083  1.038946  0.535241  3.469679 -0.764239  0.276944 -0.792176  0.090642 -1.908461]
[-0.754956  0.987194 -0.76676   0.983699 -0.764239  3.991441 -0.741983 -0.730385 -2.151666 -0.701157]
[-0.864066  0.411781  1.037603 -0.84482   0.276944 -0.741983  3.84568  -2.195895  0.282899 -0.830559]
[ 0.999797 -0.773468 -0.791252  0.704817 -0.792176 -0.730385 -2.195895  3.962999 -0.269582 -0.171719]
[ 0.519257 -0.902514  0.840369 -0.888803  0.090642 -2.151666  0.282899 -0.269582  3.613652 -0.440415]
[ 1.035418  0.80411  -0.879107 -0.846293 -1.908461 -0.701157 -0.830559 -0.171719 -0.440415  3.706847]

The eigenvalues of G are:

[8.258173 7.073717 6.064266 2.507528 2.275183 1.224729 1.       1.118545 1.068157 0.      ]

The Inverse G matrix at this structure is:
 
[ 0.798684  0.028382  0.10445   0.067608  0.101437  0.097475  0.095974 -0.106629 -0.08901  -0.112392]
[ 0.028382  0.799071  0.096458  0.036683  0.12346  -0.112401 -0.092995  0.117025  0.114723 -0.109499]
[ 0.10445   0.096458  0.799665  0.05696  -0.104423  0.078521 -0.09722   0.079316 -0.089628  0.084884]
[ 0.067608  0.036683  0.05696   0.79907  -0.103212 -0.113573  0.117185 -0.103713  0.116608  0.129784]
[ 0.101437  0.12346  -0.104423 -0.103212  0.309768 -0.064801 -0.091357 -0.053052 -0.068974 -0.035061]
[ 0.097475 -0.112401  0.078521 -0.113573 -0.064801  0.232825 -0.063874 -0.069216 -0.000526 -0.073481]
[ 0.095974 -0.092995 -0.09722   0.117185 -0.091357 -0.063874  0.302875  0.008591 -0.083943 -0.047644]
[-0.106629  0.117025  0.079316 -0.103713 -0.053052 -0.069216  0.008591  0.26601  -0.068136 -0.083876]
[-0.08901   0.114723 -0.089628  0.116608 -0.068974 -0.000526 -0.083943 -0.068136  0.334361 -0.051474]
[-0.112392 -0.109499  0.084884  0.129784 -0.035061 -0.073481 -0.047644 -0.083876 -0.051474  0.270073]

The gradient in internal coordinates is (kcal/mol/Angstrom or kcal/mol/radian):

[  3.384491  -2.227636  15.586931 -13.997903 -14.275721  13.982648  -0.131712  11.103204 -11.451121  -3.87601 ]



################################################################################
#                                                                              #
#                                                                              #
#                                                                              #
#                   BFGS optimization in internal coordinates                  #
#                                                                              #
#                                                                              #
#                                                                              #
################################################################################


The estimated Hessian for the first step is:

[[0.001667 0.       0.       0.       0.       0.       0.       0.       0.       0.      ]
 [0.       0.001667 0.       0.       0.       0.       0.       0.       0.       0.      ]
 [0.       0.       0.001667 0.       0.       0.       0.       0.       0.       0.      ]
 [0.       0.       0.       0.001667 0.       0.       0.       0.       0.       0.      ]
 [0.       0.       0.       0.       0.006667 0.       0.       0.       0.       0.      ]
 [0.       0.       0.       0.       0.       0.006667 0.       0.       0.       0.      ]
 [0.       0.       0.       0.       0.       0.       0.006667 0.       0.       0.      ]
 [0.       0.       0.       0.       0.       0.       0.       0.006667 0.       0.      ]
 [0.       0.       0.       0.       0.       0.       0.       0.       0.006667 0.      ]
 [0.       0.       0.       0.       0.       0.       0.       0.       0.       0.006667]]

 ######################### Geometry optimizaton step 1 #########################

The RMS value of the gradient is: 12.604754 (Threshold 0.001000)

Gradient was rescaled to fit the RMS threshold. The new search step direction is (RMS = 0.020000):
[-0.002027  0.001334 -0.009334  0.008382  0.034194 -0.033492  0.000315 -0.026595  0.027428  0.009284]

 =============== Internal to cartesian conversion iteration 1 ===============

Estimated change dx is:
[ 0.004339  0.001931  0.007995 -0.016375 -0.001527 -0.0088    0.005463  0.014762 -0.015479  0.017842 -0.011612  0.004832 -0.011269 -0.003553  0.011452]

Current internals q_11 are:
[1.113131 1.108474 1.123062 1.098483 1.745797 2.082837 1.913481 2.04784  1.778676 1.870231]

Difference between internals and desired internals is:
[-0.000323 -0.000323 -0.000128 -0.000098  0.00026   0.000077  0.000379  0.000125  0.000111 -0.0001  ]

maximum change is 0.00023716520556438248 (thresh = 1e-05 )

corresponding cartesians:
[-0.008271  1.087656  0.016044  0.185721 -0.005403  0.093103  1.015126  1.477759  0.184808 -0.571963  1.485189 -0.870069 -0.534112  1.433798  0.916114]

 =============== Internal to cartesian conversion iteration 2 ===============

Current internals q_11 are:
[1.112811 1.108153 1.122932 1.098385 1.745933 2.08275  1.913735 2.047824 1.778681 1.86999 ]

Difference between internals and desired internals is:
[-0.000003 -0.000001  0.000001 -0.        0.000124  0.000164  0.000125  0.000141  0.000106  0.000141]

maximum change is 4.820509607927903e-06 (thresh = 1e-05 )

corresponding cartesians:
[-0.008272  1.087655  0.016043  0.185725 -0.0054    0.093103  1.015125  1.477754  0.18481  -0.571966  1.485191 -0.870069 -0.534112  1.4338    0.916113]

 =============== Internal to cartesian converged ===============
C1  -0.008272  1.087655  0.016043
H1   0.185725 -0.005400  0.093103
H2   1.015125  1.477754  0.184810
H3  -0.571966  1.485191 -0.870069
H4  -0.534112  1.433800  0.916113

New_set of internals:
[1.112811 1.108153 1.122932 1.098385 1.745933 2.08275  1.913735 2.047824 1.778681 1.86999 ]

B matrix at the new structure:
[[-0.174331  0.982249 -0.069249  0.174331 -0.982249  0.069249  0.        0.        0.        0.        0.        0.        0.        0.        0.      ]
 [-0.923517 -0.352027 -0.152296  0.        0.        0.        0.923517  0.352027  0.152296  0.        0.        0.        0.        0.        0.      ]
 [ 0.501983 -0.354016  0.789104  0.        0.        0.        0.        0.        0.       -0.501983  0.354016 -0.789104  0.        0.        0.      ]
 [ 0.478739 -0.31514  -0.819448  0.        0.        0.        0.        0.        0.        0.        0.        0.       -0.478739  0.31514   0.819448]
 [ 1.177728 -0.678872  0.237772 -0.870508 -0.165073 -0.149994 -0.30722   0.843945 -0.087778  0.        0.        0.        0.        0.        0.      ]
 [-0.50253  -0.957298 -1.102576  0.429407  0.131091  0.778432  0.        0.        0.        0.073123  0.826207  0.324144  0.        0.        0.      ]
 [-0.387968 -0.861575  1.137449  0.400874  0.014456 -0.804128  0.        0.        0.        0.        0.        0.       -0.012906  0.847118 -0.333321]
 [ 0.615533  1.039621 -0.941075  0.        0.        0.        0.079188 -0.523798  0.730546 -0.694721 -0.515824  0.210528  0.        0.        0.      ]
 [ 0.501624  0.745711  1.083801  0.        0.        0.        0.265737 -0.357647 -0.784733  0.        0.        0.       -0.76736  -0.388065 -0.299068]
 [-1.196741  0.816716  0.025208  0.        0.        0.        0.        0.        0.        0.584035 -0.390928 -0.546912  0.612706 -0.425787  0.521704]]

G inverse matrix at the new structure:
[[ 0.799008  0.035061  0.09846   0.067546  0.10264   0.098955  0.097898 -0.10641  -0.091899 -0.11142 ]
 [ 0.035061  0.799286  0.091759  0.041853  0.120378 -0.111368 -0.094978  0.114756  0.113812 -0.108989]
 [ 0.09846   0.091759  0.799763  0.058773 -0.104883  0.082426 -0.098766  0.082756 -0.0927    0.08775 ]
 [ 0.067546  0.041853  0.058773  0.799302 -0.103148 -0.112062  0.115002 -0.103874  0.115053  0.124694]
 [ 0.10264   0.120378 -0.104883 -0.103148  0.30445  -0.064528 -0.086746 -0.055543 -0.069925 -0.029804]
 [ 0.098955 -0.111368  0.082426 -0.112062 -0.064528  0.238733 -0.064515 -0.069633 -0.001605 -0.072187]
 [ 0.097898 -0.094978 -0.098766  0.115002 -0.086746 -0.064515  0.299754  0.006578 -0.081108 -0.051952]
 [-0.10641   0.114756  0.082756 -0.103874 -0.055543 -0.069633  0.006578  0.266385 -0.067575 -0.080895]
 [-0.091899  0.113812 -0.0927    0.115053 -0.069925 -0.001605 -0.081108 -0.067575  0.326969 -0.055721]
 [-0.11142  -0.108989  0.08775   0.124694 -0.029804 -0.072187 -0.051952 -0.080895 -0.055721  0.270198]]

Gradient in terms of internal coordinates:
[  1.965738  -1.293958   9.053418  -8.130507 -11.789074  11.754145  -0.027042   9.337072  -9.462348  -3.123228]

The RMS value of the gradient is: 10.707050 (Threshold 0.001000)

The updated Hessian is:
[[ 0.00166   0.000005 -0.000033  0.000029 -0.000004  0.000012  0.000003  0.00001  -0.000003  0.000002]
 [ 0.000005  0.001664  0.000021 -0.000019  0.000003 -0.000008 -0.000002 -0.000007  0.000002 -0.000001]
 [-0.000033  0.000021  0.001517  0.000134 -0.000019  0.000056  0.000015  0.000045 -0.000016  0.000009]
 [ 0.000029 -0.000019  0.000134  0.001546  0.000017 -0.00005  -0.000013 -0.000041  0.000015 -0.000008]
 [-0.000004  0.000003 -0.000019  0.000017  0.008801 -0.002243 -0.000042 -0.001785  0.001715  0.000522]
 [ 0.000012 -0.000008  0.000056 -0.00005  -0.002243  0.009017  0.000041  0.001869 -0.001802 -0.000552]
 [ 0.000003 -0.000002  0.000015 -0.000013 -0.000042  0.000041  0.006666  0.000032 -0.000034 -0.000012]
 [ 0.00001  -0.000007  0.000045 -0.000041 -0.001785  0.001869  0.000032  0.008153 -0.001434 -0.000439]
 [-0.000003  0.000002 -0.000016  0.000015  0.001715 -0.001802 -0.000034 -0.001434  0.008044  0.000419]
 [ 0.000002 -0.000001  0.000009 -0.000008  0.000522 -0.000552 -0.000012 -0.000439  0.000419  0.006793]]

:: TOTAL ENERGY = 3.42346623 kcal · mol^-1

 ######################### Geometry optimizaton step 2 #########################

The RMS value of the gradient is: 10.707050 (Threshold 0.001000)

Gradient was rescaled to fit the RMS threshold. The new search step direction is (RMS = 0.020000):
[-0.000624  0.000414 -0.002888  0.002593  0.03406  -0.035019 -0.000351 -0.027841  0.027355  0.008626]

 =============== Internal to cartesian conversion iteration 1 ===============

Estimated change dx is:
[ 0.004823  0.002075  0.010282 -0.01621  -0.002244 -0.007045  0.004452  0.01472  -0.013977  0.015198 -0.009441  0.002176 -0.008262 -0.00511   0.008565]

Current internals q_11 are:
[1.112526 1.108903 1.120178 1.101077 1.78014  2.048307 1.913399 2.02036  1.806388 1.879111]

Difference between internals and desired internals is:
[-0.000342 -0.000337 -0.000133 -0.000099 -0.000156 -0.000569 -0.000011 -0.000373 -0.000356 -0.000499]

maximum change is 0.0002737883070751401 (thresh = 1e-05 )

corresponding cartesians:
[-0.00337   1.089655  0.026387  0.169486 -0.007404  0.085916  1.019302  1.492389  0.170841 -0.556648  1.475604 -0.867721 -0.542271  1.428756  0.924577]

 =============== Internal to cartesian conversion iteration 2 ===============

Current internals q_11 are:
[1.112188 1.108567 1.120045 1.100977 1.780324 2.048113 1.913696 2.020324 1.806317 1.878974]

Difference between internals and desired internals is:
[-0.000004 -0.000001  0.        0.000001 -0.00034  -0.000376 -0.000308 -0.000337 -0.000284 -0.000362]

maximum change is 4.83963617892158e-06 (thresh = 1e-05 )

corresponding cartesians:
[-0.00337   1.089654  0.026385  0.16949  -0.0074    0.085917  1.019301  1.492384  0.170843 -0.55665   1.475606 -0.86772  -0.542271  1.428757  0.924576]

 =============== Internal to cartesian converged ===============
C1  -0.003370  1.089654  0.026385
H1   0.169490 -0.007400  0.085917
H2   1.019301  1.492384  0.170843
H3  -0.556650  1.475606 -0.867720
H4  -0.542271  1.428757  0.924576

New_set of internals:
[1.112188 1.108567 1.120045 1.100977 1.780324 2.048113 1.913696 2.020324 1.806317 1.878974]

B matrix at the new structure:
[[-0.155425  0.986397 -0.053527  0.155425 -0.986397  0.053527  0.        0.        0.        0.        0.        0.        0.        0.        0.      ]
 [-0.922518 -0.363289 -0.130311  0.        0.        0.        0.922518  0.363289  0.130311  0.        0.        0.        0.        0.        0.      ]
 [ 0.49398  -0.344586  0.798276  0.        0.        0.        0.        0.        0.       -0.49398   0.344586 -0.798276  0.        0.        0.      ]
 [ 0.489475 -0.308002 -0.815812  0.        0.        0.        0.        0.        0.        0.        0.        0.       -0.489475  0.308002  0.815812]
 [ 1.198019 -0.694648  0.20438  -0.877727 -0.145357 -0.13002  -0.320292  0.840005 -0.07436   0.        0.        0.        0.        0.        0.      ]
 [-0.499646 -0.942277 -1.098008  0.427765  0.109902  0.783184  0.        0.        0.        0.071882  0.832375  0.314824  0.        0.        0.      ]
 [-0.426239 -0.874011  1.112206  0.417417  0.022574 -0.796048  0.        0.        0.        0.        0.        0.        0.008821  0.851437 -0.316159]
 [ 0.608458  1.011809 -0.95751   0.        0.        0.        0.093251 -0.503242  0.742817 -0.701709 -0.508568  0.214693  0.        0.        0.      ]
 [ 0.500633  0.770838  1.084554  0.        0.        0.        0.254377 -0.364367 -0.785018  0.        0.        0.       -0.75501  -0.40647  -0.299535]
 [-1.211382  0.804022  0.012476  0.        0.        0.        0.        0.        0.        0.599008 -0.386517 -0.537516  0.612374 -0.417505  0.52504 ]]

G inverse matrix at the new structure:
[[ 0.799357  0.041748  0.092183  0.067435  0.103588  0.100671  0.09943  -0.106223 -0.094656 -0.110324]
 [ 0.041748  0.799532  0.086856  0.047043  0.11729  -0.110355 -0.096978  0.112837  0.112281 -0.108403]
 [ 0.092183  0.086856  0.799857  0.060557 -0.105151  0.086595 -0.100111  0.086507 -0.095489  0.090565]
 [ 0.067435  0.047043  0.060557  0.79954  -0.103303 -0.110768  0.112958 -0.104234  0.113261  0.120298]
 [ 0.103588  0.11729  -0.105151 -0.103303  0.299331 -0.064713 -0.082423 -0.057906 -0.070368 -0.024785]
 [ 0.100671 -0.110355  0.086595 -0.110768 -0.064713  0.246756 -0.065395 -0.070414 -0.002675 -0.071594]
 [ 0.09943  -0.096978 -0.100111  0.112958 -0.082423 -0.065395  0.295531  0.004224 -0.077768 -0.055366]
 [-0.106223  0.112837  0.086507 -0.104234 -0.057906 -0.070414  0.004224  0.2685   -0.067292 -0.078546]
 [-0.094656  0.112281 -0.095489  0.113261 -0.070368 -0.002675 -0.077768 -0.067292  0.317314 -0.058904]
 [-0.110324 -0.108403  0.090565  0.120298 -0.024785 -0.071594 -0.055366 -0.078546 -0.058904  0.271158]]

Gradient in terms of internal coordinates:
[ 1.528548 -1.004392  7.0317   -6.315514 -9.292551  9.436434  0.051326  7.504139 -7.456612 -2.396544]

The RMS value of the gradient is: 8.493126 (Threshold 0.001000)

The updated Hessian is:
[[ 0.001659  0.000005 -0.000033  0.00003   0.000002  0.000007  0.000004  0.000006  0.000001  0.000004]
 [ 0.000005  0.001664  0.000022 -0.00002  -0.000001 -0.000005 -0.000002 -0.000004 -0.       -0.000002]
 [-0.000033  0.000022  0.001513  0.000138  0.000005  0.000035  0.000016  0.000029  0.000004  0.000017]
 [ 0.00003  -0.00002   0.000138  0.001543 -0.000005 -0.000032 -0.000015 -0.000026 -0.000003 -0.000015]
 [ 0.000002 -0.000001  0.000005 -0.000005  0.008799 -0.002292 -0.000063 -0.001825  0.001713  0.000502]
 [ 0.000007 -0.000005  0.000035 -0.000032 -0.002292  0.009116  0.000062  0.00195  -0.001841 -0.000545]
 [ 0.000004 -0.000002  0.000016 -0.000015 -0.000063  0.000062  0.006666  0.000049 -0.00005  -0.000017]
 [ 0.000006 -0.000004  0.000029 -0.000026 -0.001825  0.00195   0.000049  0.008219 -0.001466 -0.000434]
 [ 0.000001 -0.        0.000004 -0.000003  0.001713 -0.001841 -0.00005  -0.001466  0.008043  0.000404]
 [ 0.000004 -0.000002  0.000017 -0.000015  0.000502 -0.000545 -0.000017 -0.000434  0.000404  0.006783]]

:: TOTAL ENERGY = 2.16026552 kcal · mol^-1

 ######################### Geometry optimizaton step 3 #########################

The RMS value of the gradient is: 8.493126 (Threshold 0.001000)

Gradient was rescaled to fit the RMS threshold. The new search step direction is (RMS = 0.020000):
[-0.000563  0.000374 -0.002608  0.002342  0.033734 -0.035398 -0.000646 -0.028171  0.027088  0.008271]

 =============== Internal to cartesian conversion iteration 1 ===============

Estimated change dx is:
[ 0.004993  0.001935  0.010496 -0.016242 -0.001802 -0.007246  0.00388   0.014535 -0.013884  0.015304 -0.009629  0.002391 -0.007935 -0.005039  0.008243]

Current internals q_11 are:
[1.111971 1.109279 1.117571 1.103418 1.8142   2.01332  1.913093 1.992579 1.833785 1.887763]

Difference between internals and desired internals is:
[-0.00035  -0.00034  -0.000134 -0.000098 -0.000149 -0.000598 -0.000042 -0.000421 -0.000383 -0.000521]

maximum change is 0.00027783616517296217 (thresh = 1e-05 )

corresponding cartesians:
[ 0.001706  1.091509  0.036945  0.153212 -0.008957  0.078528  1.022904  1.506841  0.156962 -0.541218  1.465828 -0.865156 -0.550104  1.42378   0.932721]

 =============== Internal to cartesian conversion iteration 2 ===============

Current internals q_11 are:
[1.111625 1.108941 1.117437 1.103319 1.814413 2.013115 1.913385 1.992519 1.833718 1.887626]

Difference between internals and desired internals is:
[-0.000004 -0.000002 -0.        0.000001 -0.000363 -0.000393 -0.000334 -0.000361 -0.000316 -0.000384]

maximum change is 5.013258158825806e-06 (thresh = 1e-05 )

corresponding cartesians:
[ 0.001706  1.091507  0.036943  0.153216 -0.008953  0.078529  1.022902  1.506836  0.156964 -0.54122   1.465829 -0.865155 -0.550104  1.423781  0.93272 ]

 =============== Internal to cartesian converged ===============
C1   0.001706  1.091507  0.036943
H1   0.153216 -0.008953  0.078529
H2   1.022902  1.506836  0.156964
H3  -0.541220  1.465829 -0.865155
H4  -0.550104  1.423781  0.932720

New_set of internals:
[1.111625 1.108941 1.117437 1.103319 1.814413 2.013115 1.913385 1.992519 1.833718 1.887626]

B matrix at the new structure:
[[-0.136297  0.989961 -0.03741   0.136297 -0.989961  0.03741   0.        0.        0.        0.        0.        0.        0.        0.        0.      ]
 [-0.920877 -0.374528 -0.10823   0.        0.        0.        0.920877  0.374528  0.10823   0.        0.        0.        0.        0.        0.      ]
 [ 0.485867 -0.334982  0.807292  0.        0.        0.        0.        0.        0.       -0.485867  0.334982 -0.807292  0.        0.        0.      ]
 [ 0.500135 -0.301158 -0.811892  0.        0.        0.        0.        0.        0.        0.        0.        0.       -0.500135  0.301158  0.811892]
 [ 1.217131 -0.7101    0.167708 -0.884088 -0.125828 -0.108689 -0.333042  0.835928 -0.059019  0.        0.        0.        0.        0.        0.      ]
 [-0.496526 -0.926635 -1.092754  0.425553  0.088354  0.787627  0.        0.        0.        0.070972  0.838281  0.305127  0.        0.        0.      ]
 [-0.464461 -0.885253  1.085881  0.433945  0.029988 -0.787433  0.        0.        0.        0.        0.        0.        0.030516  0.855265 -0.298448]
 [ 0.600513  0.984454 -0.972075  0.        0.        0.        0.10765  -0.482607  0.754108 -0.708163 -0.501847  0.217967  0.        0.        0.      ]
 [ 0.498791  0.79714   1.0841    0.        0.        0.        0.243549 -0.372139 -0.784457  0.        0.        0.       -0.742339 -0.425002 -0.299643]
 [-1.225634  0.790922 -0.000998  0.        0.        0.        0.        0.        0.        0.613576 -0.381912 -0.527752  0.612058 -0.40901   0.52875 ]]

G inverse matrix at the new structure:
[[ 0.799638  0.048332  0.085772  0.067293  0.104277  0.102136  0.100901 -0.105943 -0.097325 -0.109075]
 [ 0.048332  0.799734  0.081834  0.05219   0.114129 -0.109157 -0.098965  0.110833  0.110548 -0.107681]
 [ 0.085772  0.081834  0.799926  0.062254 -0.105266  0.090944 -0.101402  0.090595 -0.098141  0.093676]
 [ 0.067293  0.05219   0.062254  0.799737 -0.10353  -0.109372  0.11089  -0.10451   0.111299  0.116053]
 [ 0.104277  0.114129 -0.105266 -0.10353   0.294334 -0.065195 -0.078394 -0.060384 -0.07038  -0.019925]
 [ 0.102136 -0.109157  0.090944 -0.109372 -0.065195  0.255101 -0.066237 -0.070757 -0.003754 -0.070942]
 [ 0.100901 -0.098965 -0.101402  0.11089  -0.078394 -0.066237  0.291488  0.001665 -0.074787 -0.058743]
 [-0.105943  0.110833  0.090595 -0.10451  -0.060384 -0.070757  0.001665  0.271002 -0.06727  -0.076164]
 [-0.097325  0.110548 -0.098141  0.111299 -0.07038  -0.003754 -0.074787 -0.06727   0.307695 -0.061778]
 [-0.109075 -0.107681  0.093676  0.116053 -0.019925 -0.070942 -0.058743 -0.076164 -0.061778  0.272724]]

Gradient in terms of internal coordinates:
[ 1.134024 -0.742754  5.205894 -4.676024 -6.833819  7.070224  0.0974    5.632714 -5.476696 -1.712339]

The RMS value of the gradient is: 6.266720 (Threshold 0.001000)

The updated Hessian is:
[[ 0.001659  0.000005 -0.000033  0.00003   0.000002  0.000007  0.000004  0.000006  0.000002  0.000004]
 [ 0.000005  0.001664  0.000022 -0.00002  -0.000001 -0.000005 -0.000002 -0.000004 -0.000001 -0.000002]
 [-0.000033  0.000022  0.001513  0.000138  0.000008  0.000034  0.000017  0.000028  0.000005  0.000018]
 [ 0.00003  -0.00002   0.000138  0.001542 -0.000007 -0.000031 -0.000015 -0.000025 -0.000005 -0.000016]
 [ 0.000002 -0.000001  0.000008 -0.000007  0.008783 -0.002289 -0.00007  -0.001825  0.001698  0.000493]
 [ 0.000007 -0.000005  0.000034 -0.000031 -0.002289  0.009126  0.000069  0.00196  -0.001836 -0.000539]
 [ 0.000004 -0.000002  0.000017 -0.000015 -0.00007   0.000069  0.006666  0.000055 -0.000056 -0.000019]
 [ 0.000006 -0.000004  0.000028 -0.000025 -0.001825  0.00196   0.000055  0.008229 -0.001464 -0.00043 ]
 [ 0.000002 -0.000001  0.000005 -0.000005  0.001698 -0.001836 -0.000056 -0.001464  0.008029  0.000396]
 [ 0.000004 -0.000002  0.000018 -0.000016  0.000493 -0.000539 -0.000019 -0.00043   0.000396  0.006779]]

:: TOTAL ENERGY = 1.18897827 kcal · mol^-1

 ######################### Geometry optimizaton step 4 #########################

The RMS value of the gradient is: 6.266720 (Threshold 0.001000)

Gradient was rescaled to fit the RMS threshold. The new search step direction is (RMS = 0.020000):
[-0.000561  0.000372 -0.002593  0.002329  0.03354  -0.035609 -0.000843 -0.028382  0.026894  0.008063]

 =============== Internal to cartesian conversion iteration 1 ===============

Estimated change dx is:
[ 0.005161  0.001769  0.010625 -0.016309 -0.001306 -0.007524  0.003317  0.014375 -0.013873  0.015553 -0.009918  0.002734 -0.007722 -0.004919  0.008038]

Current internals q_11 are:
[1.111419 1.109654 1.114978 1.105745 1.847945 1.977982 1.912486 1.964465 1.86089  1.896085]

Difference between internals and desired internals is:
[-0.00036  -0.000344 -0.000135 -0.000096 -0.       -0.000468  0.000059 -0.000323 -0.000281 -0.000399]

maximum change is 0.0002822378891815802 (thresh = 1e-05 )

corresponding cartesians:
[ 0.006956  1.093189  0.047634  0.136863 -0.01001   0.070864  1.025937  1.521141  0.143086 -0.525532  1.455761 -0.862243 -0.557725  1.418919  0.940659]

 =============== Internal to cartesian conversion iteration 2 ===============

Current internals q_11 are:
[1.111064 1.109313 1.114844 1.105649 1.84819  1.977767 1.91277  1.964382 1.860828 1.895941]

Difference between internals and desired internals is:
[-0.000005 -0.000003 -0.        0.       -0.000245 -0.000253 -0.000226 -0.00024  -0.000219 -0.000256]

maximum change is 5.218540086060486e-06 (thresh = 1e-05 )

corresponding cartesians:
[ 0.006956  1.093188  0.047632  0.136868 -0.010005  0.070864  1.025935  1.521135  0.143088 -0.525534  1.455762 -0.862242 -0.557724  1.41892   0.940658]

 =============== Internal to cartesian converged ===============
C1   0.006956  1.093188  0.047632
H1   0.136868 -0.010005  0.070864
H2   1.025935  1.521135  0.143088
H3  -0.525534  1.455762 -0.862242
H4  -0.557724  1.418920  0.940658

New_set of internals:
[1.111064 1.109313 1.114844 1.105649 1.84819  1.977767 1.91277  1.964382 1.860828 1.895941]

B matrix at the new structure:
[[-0.116926  0.99292  -0.02091   0.116926 -0.99292   0.02091   0.        0.        0.        0.        0.        0.        0.        0.        0.      ]
 [-0.91857  -0.385778 -0.086049  0.        0.        0.        0.91857   0.385778  0.086049  0.        0.        0.        0.        0.        0.      ]
 [ 0.477636 -0.325225  0.816145  0.        0.        0.        0.        0.        0.       -0.477636  0.325225 -0.816145  0.        0.        0.      ]
 [ 0.510723 -0.294607 -0.807694  0.        0.        0.        0.        0.        0.        0.        0.        0.       -0.510723  0.294607  0.807694]
 [ 1.234938 -0.725071  0.12757  -0.889575 -0.106565 -0.085885 -0.345363  0.831636 -0.041685  0.        0.        0.        0.        0.        0.      ]
 [-0.493229 -0.910567 -1.086918  0.422766  0.066459  0.791788  0.        0.        0.        0.070463  0.844108  0.29513   0.        0.        0.      ]
 [-0.502638 -0.895049  1.058451  0.450465  0.036656 -0.77834   0.        0.        0.        0.        0.        0.        0.052173  0.858393 -0.28011 ]
 [ 0.591889  0.957688 -0.984846  0.        0.        0.        0.122362 -0.461861  0.764423 -0.714251 -0.495827  0.220423  0.        0.        0.      ]
 [ 0.495815  0.824585  1.082226  0.        0.        0.        0.233334 -0.38094  -0.782989  0.        0.        0.       -0.729149 -0.443645 -0.299237]
 [-1.239465  0.777446 -0.014949  0.        0.        0.        0.        0.        0.        0.627868 -0.377211 -0.517764  0.611597 -0.400236  0.532713]]

G inverse matrix at the new structure:
[[ 0.799842  0.054811  0.079236  0.067117  0.104691  0.103309  0.102302 -0.10557  -0.099921 -0.107676]
 [ 0.054811  0.799883  0.076685  0.057287  0.110897 -0.107767 -0.100944  0.108742  0.108641 -0.106801]
 [ 0.079236  0.076685  0.79997   0.063866 -0.10522   0.095493 -0.102629  0.095066 -0.100625  0.097132]
 [ 0.067117  0.057287  0.063866  0.799884 -0.103832 -0.107853  0.108778 -0.104679  0.109162  0.111943]
 [ 0.104691  0.110897 -0.10522  -0.103832  0.289454 -0.065993 -0.074654 -0.063014 -0.070009 -0.015223]
 [ 0.103309 -0.107767  0.095493 -0.107853 -0.065993  0.263712 -0.06704  -0.070561 -0.004835 -0.070189]
 [ 0.102302 -0.100944 -0.102629  0.108778 -0.074654 -0.06704   0.287622 -0.001101 -0.072199 -0.062123]
 [-0.10557   0.108742  0.095066 -0.104679 -0.063014 -0.070561 -0.001101  0.273892 -0.067488 -0.073665]
 [-0.099921  0.108641 -0.100625  0.109162 -0.070009 -0.004835 -0.072199 -0.067488  0.298187 -0.064372]
 [-0.107676 -0.106801  0.097132  0.111943 -0.015223 -0.070189 -0.062123 -0.073665 -0.064372  0.274895]]

Gradient in terms of internal coordinates:
[ 0.741156 -0.482561  3.390543 -3.045745 -4.415224  4.655647  0.106299  3.718845 -3.529736 -1.072746]

The RMS value of the gradient is: 4.058028 (Threshold 0.001000)

The updated Hessian is:
[[ 0.001659  0.000005 -0.000034  0.00003   0.000002  0.000007  0.000004  0.000006  0.000002  0.000004]
 [ 0.000005  0.001664  0.000022 -0.00002  -0.000001 -0.000005 -0.000002 -0.000004 -0.000001 -0.000003]
 [-0.000034  0.000022  0.001513  0.000138  0.000008  0.000034  0.000017  0.000028  0.000006  0.000018]
 [ 0.00003  -0.00002   0.000138  0.001542 -0.000008 -0.000031 -0.000016 -0.000025 -0.000006 -0.000016]
 [ 0.000002 -0.000001  0.000008 -0.000008  0.008771 -0.002285 -0.000076 -0.001825  0.001684  0.000487]
 [ 0.000007 -0.000005  0.000034 -0.000031 -0.002285  0.009131  0.000076  0.001967 -0.001828 -0.000535]
 [ 0.000004 -0.000002  0.000017 -0.000016 -0.000076  0.000076  0.006667  0.000061 -0.000061 -0.00002 ]
 [ 0.000006 -0.000004  0.000028 -0.000025 -0.001825  0.001967  0.000061  0.008238 -0.00146  -0.000427]
 [ 0.000002 -0.000001  0.000006 -0.000006  0.001684 -0.001828 -0.000061 -0.00146   0.008014  0.00039 ]
 [ 0.000004 -0.000003  0.000018 -0.000016  0.000487 -0.000535 -0.00002  -0.000427  0.00039   0.006777]]

:: TOTAL ENERGY = 0.50554339 kcal · mol^-1

 ######################### Geometry optimizaton step 5 #########################

The RMS value of the gradient is: 4.058028 (Threshold 0.001000)

Gradient was rescaled to fit the RMS threshold. The new search step direction is (RMS = 0.020000):
[-0.000562  0.000371 -0.00259   0.002326  0.033356 -0.035804 -0.001053 -0.0286    0.026681  0.00787 ]

 =============== Internal to cartesian conversion iteration 1 ===============

Estimated change dx is:
[ 0.00534   0.001585  0.010751 -0.016397 -0.000799 -0.007797  0.002739  0.014234 -0.01388   0.015828 -0.01021   0.003086 -0.007509 -0.004811  0.00784 ]

Current internals q_11 are:
[1.110867 1.11003  1.112389 1.108069 1.881366 1.942294 1.911538 1.935993 1.887658 1.904066]

Difference between internals and desired internals is:
[-0.00037  -0.000348 -0.000135 -0.000094  0.000172 -0.000324  0.000182 -0.000206 -0.000152 -0.000259]

maximum change is 0.00028819748793140754 (thresh = 1e-05 )

corresponding cartesians:
[ 0.012392  1.094679  0.058452  0.120418 -0.010547  0.062927  1.028385  1.535306  0.129196 -0.509561  1.445401 -0.858973 -0.565134  1.414161  0.948398]

 =============== Internal to cartesian conversion iteration 2 ===============

Current internals q_11 are:
[1.110502 1.109685 1.112254 1.107975 1.881645 1.942069 1.911813 1.935884 1.887603 1.903915]

Difference between internals and desired internals is:
[-0.000006 -0.000003  0.        0.       -0.000106 -0.000099 -0.000094 -0.000097 -0.000096 -0.000108]

maximum change is 5.44323677864611e-06 (thresh = 1e-05 )

corresponding cartesians:
[ 0.012391  1.094678  0.05845   0.120422 -0.010543  0.062928  1.028383  1.535301  0.129197 -0.509563  1.445403 -0.858972 -0.565133  1.414162  0.948396]

 =============== Internal to cartesian converged ===============
C1   0.012391  1.094678  0.058450
H1   0.120422 -0.010543  0.062928
H2   1.028383  1.535301  0.129197
H3  -0.509563  1.445403 -0.858972
H4  -0.565133  1.414162  0.948396

New_set of internals:
[1.110502 1.109685 1.112254 1.107975 1.881645 1.942069 1.911813 1.935884 1.887603 1.903915]

B matrix at the new structure:
[[-0.097281  0.995249 -0.004032  0.097281 -0.995249  0.004032  0.        0.        0.        0.        0.        0.        0.        0.        0.      ]
 [-0.915571 -0.397072 -0.063754  0.        0.        0.        0.915571  0.397072  0.063754  0.        0.        0.        0.        0.        0.      ]
 [ 0.469277 -0.315328  0.824832  0.        0.        0.        0.        0.        0.       -0.469277  0.315328 -0.824832  0.        0.        0.      ]
 [ 0.521244 -0.28835  -0.803218  0.        0.        0.        0.        0.        0.        0.        0.        0.       -0.521244  0.28835   0.803218]
 [ 1.251251 -0.739425  0.08374  -0.894112 -0.087645 -0.061467 -0.357139  0.82707  -0.022274  0.        0.        0.        0.        0.        0.      ]
 [-0.489783 -0.894068 -1.08049   0.419375  0.044216  0.795655  0.        0.        0.        0.070408  0.849852  0.284835  0.        0.        0.      ]
 [-0.54076  -0.903318  1.029915  0.466972  0.04253  -0.768782  0.        0.        0.        0.        0.        0.        0.073788  0.860788 -0.261133]
 [ 0.582615  0.931531 -0.995882  0.        0.        0.        0.137366 -0.440981  0.773792 -0.719982 -0.490549  0.22209   0.        0.        0.      ]
 [ 0.491562  0.853235  1.078795  0.        0.        0.        0.223825 -0.390769 -0.78057   0.        0.        0.       -0.715387 -0.462466 -0.298224]
 [-1.252844  0.763625 -0.029352  0.        0.        0.        0.        0.        0.        0.641883 -0.372423 -0.507566  0.61096  -0.391202  0.536918]]

G inverse matrix at the new structure:
[[ 0.799965  0.061182  0.072576  0.0669    0.10481   0.104171  0.10361  -0.105113 -0.102462 -0.106128]
 [ 0.061182  0.799974  0.071403  0.062327  0.107594 -0.106185 -0.10292   0.106579  0.106574 -0.105742]
 [ 0.072576  0.071403  0.799994  0.065393 -0.105001  0.100269 -0.103763  0.09997  -0.102894  0.100967]
 [ 0.0669    0.062327  0.065393  0.799974 -0.104224 -0.106205  0.106606 -0.104726  0.106838  0.10798 ]
 [ 0.10481   0.107594 -0.105001 -0.104224  0.284697 -0.067138 -0.071207 -0.065824 -0.069302 -0.010684]
 [ 0.104171 -0.106185  0.100269 -0.106205 -0.067138  0.272612 -0.067808 -0.069746 -0.005912 -0.069319]
 [ 0.10361  -0.10292  -0.103763  0.106606 -0.071207 -0.067808  0.283875 -0.004073 -0.070014 -0.065505]
 [-0.105113  0.106579  0.09997  -0.104726 -0.065824 -0.069746 -0.004073  0.277249 -0.06792  -0.070987]
 [-0.102462  0.106574 -0.102894  0.106838 -0.069302 -0.005912 -0.070014 -0.06792   0.28878  -0.066679]
 [-0.106128 -0.105742  0.100967  0.10798  -0.010684 -0.069319 -0.065505 -0.070987 -0.066679  0.277685]]

Gradient in terms of internal coordinates:
[ 0.347705 -0.223033  1.577652 -1.417414 -2.039755  2.191693  0.072444  1.758046 -1.623009 -0.480122]

The RMS value of the gradient is: 1.876569 (Threshold 0.001000)

The updated Hessian is:
[[ 0.001659  0.000005 -0.000034  0.00003   0.000003  0.000007  0.000004  0.000006  0.000002  0.000004]
 [ 0.000005  0.001664  0.000022 -0.00002  -0.000001 -0.000005 -0.000003 -0.000004 -0.000001 -0.000003]
 [-0.000034  0.000022  0.001513  0.000138  0.000009  0.000034  0.000018  0.000028  0.000007  0.000019]
 [ 0.00003  -0.00002   0.000138  0.001542 -0.000008 -0.00003  -0.000016 -0.000025 -0.000007 -0.000017]
 [ 0.000003 -0.000001  0.000009 -0.000008  0.008762 -0.002282 -0.000083 -0.001826  0.001672  0.000482]
 [ 0.000007 -0.000005  0.000034 -0.00003  -0.002282  0.009135  0.000083  0.001975 -0.001821 -0.000532]
 [ 0.000004 -0.000003  0.000018 -0.000016 -0.000083  0.000083  0.006667  0.000066 -0.000066 -0.000022]
 [ 0.000006 -0.000004  0.000028 -0.000025 -0.001826  0.001975  0.000066  0.008246 -0.001457 -0.000426]
 [ 0.000002 -0.000001  0.000007 -0.000007  0.001672 -0.001821 -0.000066 -0.001457  0.008001  0.000385]
 [ 0.000004 -0.000003  0.000019 -0.000017  0.000482 -0.000532 -0.000022 -0.000426  0.000385  0.006775]]

:: TOTAL ENERGY = 0.10996751 kcal · mol^-1

 ######################### Geometry optimizaton step 6 #########################

The RMS value of the gradient is: 1.876569 (Threshold 0.001000)

 =============== Internal to cartesian conversion iteration 1 ===============

Estimated change dx is:
[ 0.004836  0.00121   0.009511 -0.014433 -0.000244 -0.007046  0.001869  0.012339 -0.012153  0.014098 -0.009179  0.003007 -0.006371 -0.004126  0.00668 ]

Current internals q_11 are:
[1.110294 1.110274 1.110099 1.110075 1.910381 1.910756 1.910457 1.910749 1.910729 1.910728]

Difference between internals and desired internals is:
[-0.000292 -0.000271 -0.000104 -0.000071  0.000265 -0.000144  0.000236 -0.000069 -0.000011 -0.000095]

maximum change is 0.0002262280444293996 (thresh = 1e-05 )

corresponding cartesians:
[ 0.017307  1.09581   0.068015  0.105943 -0.010584  0.055776  1.030026  1.547596  0.11703  -0.495348  1.436106 -0.855821 -0.571428  1.410072  0.954999]

 =============== Internal to cartesian conversion iteration 2 ===============

Current internals q_11 are:
[1.110007 1.110006 1.109995 1.110004 1.91062  1.910576 1.910661 1.910647 1.91069  1.910605]

Difference between internals and desired internals is:
[-0.000004 -0.000003  0.        0.        0.000025  0.000036  0.000032  0.000033  0.000028  0.000027]

maximum change is 3.8050892541274806e-06 (thresh = 1e-05 )

corresponding cartesians:
[ 0.017307  1.095809  0.068015  0.105946 -0.010581  0.055777  1.030024  1.547592  0.117031 -0.495349  1.436107 -0.85582  -0.571428  1.410073  0.954998]

 =============== Internal to cartesian converged ===============
C1   0.017307  1.095809  0.068015
H1   0.105946 -0.010581  0.055777
H2   1.030024  1.547592  0.117031
H3  -0.495349  1.436107 -0.855820
H4  -0.571428  1.410073  0.954998

New_set of internals:
[1.110007 1.110006 1.109995 1.110004 1.91062  1.910576 1.910661 1.910647 1.91069  1.910605]

B matrix at the new structure:
[[-0.079854  0.996746  0.011025  0.079854 -0.996746 -0.011025  0.        0.        0.        0.        0.        0.        0.        0.        0.      ]
 [-0.912356 -0.40701  -0.044159  0.        0.        0.        0.912356  0.40701   0.044159  0.        0.        0.        0.        0.        0.      ]
 [ 0.461854 -0.306576  0.832287  0.        0.        0.        0.        0.        0.       -0.461854  0.306576 -0.832287  0.        0.        0.      ]
 [ 0.53039  -0.283119 -0.799081  0.        0.        0.        0.        0.        0.        0.        0.        0.       -0.53039   0.283119  0.799081]
